# x y
10.9224 5.12698 1
-11.8514 2.56817 1
5.6421 -4.98699 2
13.6111 -2.20161 2
6.20616 8.17532 1
-4.7422 6.67421 1
1.73575 -4.32486 2
11.8408 -2.8906 2
1.78401 10.4543 1
-6.66812 10.9085 1
2.03568 1.15159 2
18.2882 -1.81573 2
3.80272 10.0276 1
-6.84768 10.0089 1
4.79703 -6.58988 2
10.9068 -7.34125 2
2.49878 8.62195 1
-11.573 4.53561 1
6.90236 -7.61824 2
13.4667 -2.01688 2
4.87769 9.88323 1
-6.66296 8.68041 1
6.30419 -4.60095 2
18.3197 0.397367 2
8.9422 2.15766 1
-5.72136 11.441 1
-0.779614 0.705617 2
12.9766 -6.61384 2
4.55468 8.92671 1
-5.17968 10.592 1
8.08042 -6.45381 2
18.334 -0.615395 2
8.05475 3.65377 1
-10.218 3.99695 1
2.76623 -0.414516 2
12.2049 -6.78845 2
6.44077 9.88618 1
-8.89779 4.98145 1
0.252978 0.207374 2
17.5984 1.82263 2
1.98107 9.51793 1
-1.63117 10.3151 1
7.86667 -4.68593 2
10.9689 -7.35135 2
8.31296 9.87655 1
-5.99847 10.6558 1
2.54686 -4.82255 2
21.5694 3.36891 2
12.9714 0.702748 1
-11.317 0.940274 1
9.9459 -6.9999 2
17.7206 2.65516 2
4.66824 7.18231 1
-7.53259 5.88349 1
1.06396 3.70468 2
16.9005 -4.84482 2
9.72152 8.17583 1
-0.460472 9.72144 1
1.33056 -1.46436 2
12.1316 -5.79015 2
11.5563 1.00093 1
-8.44619 3.22457 1
1.81676 2.02122 2
19.1081 0.880727 2
0.964093 8.22994 1
-2.90753 8.46472 1
6.35945 -2.09939 2
19.3505 3.52735 2
6.12928 7.70302 1
-4.37256 11.0199 1
5.51574 -2.78026 2
20.8322 1.95941 2
8.78119 6.27835 1
-6.26517 3.96442 1
0.742866 2.62677 2
18.0837 4.46876 2
5.38179 9.04779 1
-8.76117 8.28932 1
2.08162 -3.15305 2
19.4995 0.731132 2
9.6257 2.62877 1
-8.49069 3.34445 1
3.07827 3.86063 2
13.3865 -6.40599 2
8.91962 1.21862 1
-7.49698 7.71175 1
1.33476 1.24589 2
20.085 1.25107 2
12.7967 0.0465215 1
-10.7561 4.30923 1
8.42514 -3.91521 2
14.9898 -5.06556 2
11.2049 2.64613 1
-10.3175 7.12455 1
6.13525 -6.76412 2
16.4759 -2.49059 2
11.2395 6.40118 1
-6.02761 11.0362 1
3.55229 1.21631 2
12.3455 -3.89432 2
9.45815 1.80776 1
-7.84041 6.40148 1
5.77751 -7.11464 2
16.449 0.645368 2
5.12625 8.56481 1
-7.91548 3.36578 1
8.59797 -3.4137 2
17.5864 1.549 2
6.73029 2.70197 1
-7.24829 5.54059 1
-0.789207 -0.127049 2
19.4817 -3.3025 2
11.6683 1.76897 1
-11.2474 1.22095 1
6.07708 -3.54256 2
20.5182 3.28787 2
5.9503 10.1513 1
-8.99699 5.75328 1
8.45155 -2.66528 2
17.5223 -1.88869 2
7.73559 4.70492 1
-3.95571 11.5534 1
2.07352 -1.83471 2
18.046 -2.75055 2
3.03753 10.7875 1
-12.0085 2.20544 1
-0.748002 1.21923 2
14.6435 -6.41761 2
4.47526 10.5938 1
-8.5689 0.472256 1
6.6529 -5.11734 2
12.5743 -2.96175 2
1.42652 8.76987 1
-6.927 2.01141 1
2.77983 4.81047 2
14.9428 0.031827 2
3.9703 9.5863 1
-3.38578 8.44557 1
0.927974 0.944644 2
18.3966 4.92194 2
6.92848 10.9708 1
-8.03981 8.355 1
3.25931 -0.209218 2
14.708 -4.34527 2
0.826288 8.91438 1
-2.43901 8.04646 1
0.896086 -2.3818 2
18.493 0.928016 2
11.5052 2.42144 1
-11.7542 2.48445 1
4.87122 -4.17887 2
13.0305 -7.04549 2
6.42729 7.18339 1
-12.1661 4.21904 1
1.70898 -4.87121 2
13.4162 -2.85692 2
5.36227 7.95575 1
-7.75969 8.39282 1
2.99877 3.07155 2
17.5273 4.57148 2
9.11183 6.73596 1
-10.8239 6.69564 1
-0.586569 -0.00055933 2
18.2895 -0.877591 2
0.226936 9.32876 1
-7.45837 10.5683 1
2.42513 -0.807653 2
18.33 -2.76464 2
9.5932 6.01708 1
-5.7013 11.0576 1
5.6636 -1.97765 2
21.7622 1.65139 2
7.2902 7.20783 1
-8.08817 2.48336 1
3.78651 0.318634 2
12.739 -2.88505 2
11.2506 1.42711 1
-8.40476 7.70499 1
1.2048 -2.75243 2
10.7652 -2.29133 2
7.32703 3.15414 1
-0.117955 12.008 1
2.18145 -5.01892 2
16.3404 -5.33801 2
11.4687 4.75836 1
-6.18547 3.54883 1
-2.30633 3.40976 2
18.1396 2.7089 2
12.31 0.180261 1
-6.00402 8.43109 1
-1.89787 3.68886 2
17.9849 4.08276 2
5.1187 6.4536 1
-3.17289 11.8611 1
2.63986 2.52078 2
12.6123 -3.60329 2
9.09723 4.25901 1
-9.08327 8.86498 1
-1.75443 0.931784 2
19.7822 1.12687 2
10.5218 2.45783 1
-7.68444 0.694712 1
2.34146 4.24532 2
10.7283 -7.02786 2
7.63115 2.19488 1
-7.59961 6.19261 1
3.15521 -2.56925 2
19.4822 2.07194 2
3.43423 8.2366 1
-12.1097 4.5181 1
7.32572 -1.79417 2
18.8387 -3.38674 2
9.14142 4.3276 1
-2.78881 9.86971 1
6.64455 -3.88646 2
10.2103 -5.9866 2
4.17921 8.68348 1
-6.84879 11.024 1
3.09657 -5.6773 2
13.8075 -4.20741 2
10.6619 6.59632 1
-12.0039 0.564131 1
0.752387 -2.94614 2
11.2072 -7.50035 2
11.2771 2.15922 1
-6.18732 9.84466 1
-0.107565 4.90926 2
17.522 -4.574 2
1.25325 10.2394 1
-12.3037 1.31924 1
-0.526656 3.76444 2
19.7075 1.39622 2
2.25291 12.1903 1
-9.89121 1.25686 1
5.55998 -4.00202 2
15.9347 -0.647175 2
8.50237 4.21178 1
-7.8064 1.68969 1
8.21957 -3.57841 2
11.488 -6.44888 2
7.57185 2.74122 1
-8.68823 6.8755 1
5.93953 -7.26189 2
19.9867 3.41288 2
0.0706536 8.44722 1
-1.0944 10.1433 1
3.14803 2.69727 2
22.0623 3.57618 2
5.04395 7.75049 1
-8.29932 9.10441 1
2.98763 -0.285995 2
21.9802 2.11757 2
10.2602 4.86461 1
-10.5035 5.03519 1
0.712389 -3.25765 2
16.7098 -3.12056 2
6.53122 7.52456 1
-8.73393 0.383191 1
0.172709 -2.79619 2
12.5467 -5.10633 2
2.39233 8.66719 1
-11.5496 1.32903 1
3.7629 1.48583 2
12.8849 -1.58989 2
7.2931 8.37876 1
-11.3544 3.02703 1
1.23805 -3.18167 2
20.0529 4.63012 2
7.67529 8.02857 1
-11.4401 2.24539 1
4.24045 0.0767636 2
18.4178 3.69109 2
4.23425 11.3027 1
-7.8988 1.35426 1
4.81592 0.231647 2
17.7954 4.11295 2
11.7201 5.61859 1
-5.98847 6.1313 1
6.80107 -2.49737 2
19.7428 -1.24202 2
11.1653 1.73404 1
-0.0367613 11.71 1
6.24623 -5.51202 2
18.4564 -3.93785 2
1.46854 11.1964 1
-6.96949 8.68281 1
3.94415 -5.7711 2
20.8938 2.98876 2
8.75743 4.21007 1
-4.51355 6.92268 1
4.05588 -3.32478 2
19.3222 -0.980877 2
7.03481 0.0759615 1
-9.01381 5.77327 1
6.92732 -3.49013 2
16.6866 -0.54335 2
1.22616 10.5216 1
-6.77639 3.69564 1
4.29312 -6.0992 2
11.42 -6.29817 2
2.07122 10.4338 1
-5.92397 6.92044 1
-2.46379 3.84913 2
20.1191 -3.09629 2
5.31671 5.97917 1
-7.32325 2.62902 1
9.07281 -7.51316 2
16.1771 0.00138283 2
4.65706 12.1011 1
-11.9191 1.34217 1
7.50697 -6.97826 2
22.0728 3.83449 2
8.15773 3.40452 1
-9.73282 0.474446 1
0.616308 0.443431 2
21.3364 1.29306 2
7.18559 8.77832 1
-8.29148 5.62735 1
9.88861 -7.94854 2
14.7285 -7.03045 2
10.4133 3.78374 1
-2.41837 9.48612 1
9.84815 -6.52248 2
12.2971 -3.30958 2
1.92699 12.0299 1
-3.58649 7.1204 1
7.98238 -5.77208 2
15.8849 -6.1902 2
7.0952 5.99625 1
-4.77254 8.00138 1
3.27392 0.0756106 2
16.5239 -4.02318 2
0.23397 8.45085 1
-8.05311 9.018 1
6.86161 -3.77916 2
19.4117 -1.03711 2
10.247 2.29653 1
-8.29278 2.36604 1
-0.111761 3.31438 2
19.687 -1.89718 2
6.80869 3.21087 1
-2.92036 7.04266 1
0.386932 -1.19905 2
18.3213 1.53654 2
5.8295 5.95749 1
-3.93354 7.62498 1
-0.383177 -0.0656662 2
16.7019 0.808134 2
8.27653 9.62228 1
-7.59575 1.29518 1
2.50577 4.43607 2
20.2336 -1.73039 2
10.1938 1.80498 1
-9.1689 3.02335 1
2.23752 4.89756 2
20.6483 -1.14959 2
6.79548 10.282 1
-7.2398 3.78861 1
0.545416 -3.00663 2
12.7532 -3.81609 2
3.97784 8.39337 1
-11.2752 1.84335 1
-1.11042 -0.0706549 2
17.2448 -4.212 2
11.7905 1.48459 1
-8.41812 6.2253 1
0.728401 -2.63356 2
14.0826 -2.45058 2
7.60497 0.785965 1
-3.33435 9.99858 1
8.12192 -2.33527 2
20.4101 -0.350165 2
7.79078 5.82819 1
-11.5755 4.06238 1
0.286002 0.455688 2
20.6307 -0.121066 2
9.00234 1.88985 1
-4.42417 6.59902 1
9.47887 -7.02914 2
17.385 3.40537 2
8.68692 6.3393 1
-4.61979 7.26238 1
-0.401682 -0.0815444 2
19.3106 -2.11568 2
9.62586 5.80939 1
-4.87467 7.25657 1
-0.930453 4.12299 2
19.1464 2.13118 2
9.46784 0.604665 1
-8.23579 3.65797 1
5.30812 -4.61732 2
16.9947 1.75959 2
8.40893 2.68164 1
-9.57971 0.0287199 1
0.0559797 -1.98139 2
15.1103 -1.25461 2
6.84875 5.13911 1
-5.70969 9.33112 1
2.46305 -0.309422 2
10.184 -4.73625 2
5.78805 8.41974 1
-0.394212 10.4799 1
4.96294 -2.38893 2
10.4747 -2.01459 2
4.28144 5.58497 1
-11.3503 3.31378 1
0.672338 -0.199006 2
18.4529 -4.19094 2
12.1313 1.16259 1
-5.52206 6.66824 1
3.52799 -0.706011 2
13.4045 -7.26006 2
9.73999 6.16281 1
-6.6088 8.2582 1
2.23962 -2.08351 2
12.2728 -7.04182 2
12.6685 2.542 1
-4.42033 6.98958 1
2.03041 -0.756252 2
17.3938 -2.10088 2
5.62187 4.17361 1
-7.9723 9.3909 1
3.14878 -1.51924 2
16.2329 -0.0737557 2
7.26081 8.10812 1
-7.84434 4.56417 1
-0.32042 4.29522 2
19.9148 0.760741 2
0.620643 10.6839 1
-4.63011 6.24251 1
9.32809 -7.90057 2
12.9898 -2.52313 2
6.41981 4.40792 1
-9.13474 7.02255 1
1.90116 -4.78816 2
17.2938 3.66824 2
12.5202 3.43918 1
-3.45564 9.43502 1
2.32156 0.923719 2
13.5896 -5.30893 2
5.80638 4.26147 1
-11.7846 3.62931 1
9.79591 -2.91933 2
19.6347 -1.5694 2
6.50024 6.07456 1
-8.82542 2.79586 1
6.94181 -7.28106 2
13.3573 -1.34985 2
10.0452 0.676134 1
-4.8962 8.19456 1
-1.82387 0.866988 2
22.4359 1.69238 2
1.42138 9.07063 1
-9.87703 7.92162 1
7.05145 -5.59882 2
20.2517 2.82057 2
8.33545 0.609015 1
-8.52928 5.38062 1
8.71485 -5.85565 2
15.9884 -5.91156 2
7.46478 9.91733 1
-9.55692 0.377138 1
0.32727 1.52162 2
14.2468 -1.92441 2
7.53342 1.18708 1
-4.96291 8.81857 1
1.91122 -0.0311408 2
18.8898 2.44644 2
1.94847 10.4822 1
-8.84221 2.99881 1
-1.74412 2.91825 2
18.5478 -3.41685 2
2.34125 11.2179 1
-5.69324 11.4478 1
6.52111 -6.20791 2
18.4262 -1.36477 2
7.53955 0.576759 1
-2.47652 10.6974 1
3.88578 1.26665 2
11.9513 -5.19583 2
1.53564 11.0234 1
-11.8054 3.28295 1
5.88351 -7.10318 2
13.0477 -6.65604 2
12.6799 2.001 1
-7.74752 2.15646 1
8.73193 -6.60538 2
18.1955 -1.59822 2
5.98999 5.94322 1
-7.82639 7.64259 1
6.16098 -3.00716 2
22.0985 3.79764 2
1.16492 8.93809 1
-6.07788 8.81488 1
2.83307 -4.31121 2
11.2375 -5.59756 2
9.50206 8.48365 1
-0.0340935 8.93482 1
7.59026 -2.20102 2
15.207 -4.56439 2
6.88961 2.22065 1
-1.87827 8.2817 1
3.55503 -4.85776 2
18.1538 1.19678 2
6.00218 3.96407 1
-7.49519 10.0492 1
8.69078 -2.52928 2
15.984 1.28103 2
1.7303 11.2301 1
-5.18781 6.93727 1
2.20556 -1.17093 2
20.6433 3.31595 2
7.10123 7.17123 1
-5.83726 10.6068 1
8.42916 -3.95149 2
14.5737 -2.20326 2
4.29567 6.30395 1
-5.43331 9.48348 1
7.34559 -5.88453 2
11.9118 -6.046 2
5.21723 6.73966 1
-4.99254 7.67015 1
0.330759 -1.84776 2
10.2008 -7.21842 2
6.4403 4.34063 1
-0.824107 7.38162 1
-2.10137 1.52148 2
20.0262 -1.74174 2
8.83725 2.01876 1
-0.536589 10.3802 1
0.151583 0.000990391 2
15.8355 0.768263 2
7.35746 2.20673 1
-3.21991 7.06114 1
9.19711 -5.55845 2
18.9036 4.33204 2
7.99459 7.89654 1
-4.78992 5.20192 1
-0.0177584 -1.02392 2
17.6798 4.11995 2
5.79587 8.48268 1
-10.6975 1.92706 1
-0.174201 -1.60107 2
12.595 -3.80544 2
3.1729 11.0359 1
-8.5397 2.53937 1
2.2587 4.16036 2
22.4543 1.70741 2
2.0542 11.6131 1
-12.4932 1.63821 1
4.78333 -5.93168 2
19.699 2.08587 2
9.5152 2.45377 1
-2.67861 12.5565 1
1.60911 3.58579 2
21.9662 1.86781 2
6.75532 2.50554 1
-6.50919 8.80951 1
6.01027 -5.76017 2
21.5435 4.3113 2
0.674295 11.4023 1
-7.56187 10.1895 1
9.14394 -5.24048 2
19.746 1.04702 2
3.092 7.33829 1
-2.5896 11.4829 1
1.2475 3.44417 2
11.6151 -6.00635 2
6.8756 4.66632 1
-7.17185 7.73213 1
0.559574 -3.29053 2
20.0837 3.01607 2
8.90238 1.07338 1
-5.84821 9.32395 1
-0.607886 -1.70426 2
16.5644 -2.35385 2
1.80268 9.75438 1
-8.451 8.67827 1
8.5793 -4.67394 2
19.3092 -3.59256 2
4.40607 5.74961 1
-2.5631 7.47764 1
2.76862 0.674819 2
17.896 4.92041 2
6.78385 7.21356 1
-4.68793 12.0093 1
1.23633 -2.44556 2
12.1689 -5.18437 2
4.1195 11.4781 1
-5.77693 8.52557 1
5.77232 -4.66001 2
16.4389 1.32315 2
6.8388 10.5403 1
-8.24647 6.66931 1
8.35447 -2.24103 2
10.1599 -5.4092 2
7.59358 5.80608 1
-3.99576 6.47598 1
-0.152834 3.17111 2
21.7695 4.09073 2
6.38159 5.6083 1
-11.4496 5.14784 1
-2.30486 4.56907 2
17.7841 -2.55133 2
7.10023 9.4296 1
-1.79236 7.26015 1
3.16119 1.52105 2
19.5889 3.56762 2
1.80289 10.6167 1
-2.43036 11.8334 1
1.03639 -1.42612 2
15.3094 -1.88893 2
8.71783 2.63024 1
-8.23854 1.82104 1
2.75274 -2.5434 2
12.0947 -4.3522 2
11.4609 3.88709 1
-7.36603 0.201297 1
3.26787 1.34894 2
17.3684 -5.23135 2
4.12029 10.3143 1
-1.93753 8.18312 1
2.66746 -4.18479 2
12.7265 -4.58451 2
11.2161 4.82124 1
-5.93671 9.67706 1
1.29167 -4.54906 2
16.7254 -2.34746 2
4.24395 7.99317 1
-11.1429 0.430179 1
4.05832 -6.12044 2
17.3052 -3.99707 2
9.85873 5.52135 1
-2.19842 9.52664 1
8.6804 -5.81723 2
12.7405 -1.54412 2
11.6458 1.03065 1
-2.88892 9.78862 1
8.53917 -7.07184 2
17.8761 -2.40251 2
10.1923 1.14661 1
-7.67673 4.49751 1
-0.143677 0.464542 2
17.4886 -1.67538 2
3.39252 7.08962 1
-7.4048 1.73565 1
5.97024 -5.14529 2
18.2798 2.32448 2
10.2405 7.34019 1
-7.03927 7.43281 1
1.5132 3.284 2
16.2515 -3.94919 2
5.17071 10.028 1
-3.24048 9.24049 1
2.67758 -2.27024 2
19.9458 0.438285 2
0.770871 9.40989 1
-4.19848 11.0114 1
6.24991 -6.23774 2
14.8674 -1.2052 2
0.323723 8.45984 1
-6.78754 8.4902 1
4.87462 -6.62082 2
11.9396 -2.27135 2
5.50909 5.44948 1
-4.92656 5.46284 1
4.74623 -0.455574 2
20.5063 0.425933 2
8.57203 1.80473 1
-12.2086 1.64856 1
2.99862 2.71855 2
13.6424 -3.94096 2
9.5528 3.64771 1
-9.09719 6.55719 1
2.47527 -0.921197 2
13.3511 -1.19276 2
3.06893 8.60488 1
-7.39957 5.14918 1
1.60599 0.0940967 2
19.7232 1.03396 2
6.71064 2.61101 1
-4.66346 7.13619 1
2.97495 2.29372 2
13.0749 -3.65568 2
2.21287 12.2929 1
-5.09329 5.56399 1
4.51433 -3.16222 2
13.8691 -3.56845 2
3.22914 7.18499 1
-8.61744 7.89259 1
8.67881 -7.70015 2
20.7842 0.0818963 2
9.53314 4.80929 1
-0.464977 12.3926 1
-1.78013 2.32215 2
21.6855 1.12658 2
8.24185 4.17114 1
-8.30514 2.90473 1
-0.594763 -0.396955 2
21.0657 1.3034 2
3.97227 7.59879 1
-7.20683 8.97087 1
-0.98922 -0.98696 2
19.8604 -1.89056 2
0.845826 8.89602 1
-3.30129 9.15097 1
9.26601 -6.33406 2
14.5463 -1.65507 2
1.33222 10.4586 1
-1.15523 9.68152 1
3.00334 -4.66112 2
18.2782 3.79651 2
5.63199 6.2674 1
-7.19045 4.28071 1
-1.17127 1.21209 2
19.753 4.32182 2
10.8595 3.5585 1
-11.5896 2.17236 1
3.21023 0.534537 2
18.7462 -1.6152 2
5.03104 6.91744 1
-10.4031 4.9779 1
-1.02016 1.55832 2
12.63 -5.0324 2
9.52338 0.489551 1
-0.590903 9.26016 1
-2.68129 3.39197 2
11.7062 -6.27091 2
1.23943 10.647 1
-7.07933 4.91254 1
-1.62717 2.1745 2
21.5277 1.34179 2
8.63611 5.13294 1
-10.276 4.29299 1
8.67461 -7.32668 2
18.5868 4.92317 2
3.52433 10.293 1
-9.91859 2.36616 1
3.17658 -0.806439 2
11.7373 -5.77337 2
8.6993 8.01011 1
-10.135 5.97526 1
7.45521 -2.8518 2
16.3536 -1.06912 2
6.9063 10.2924 1
-8.6377 6.75818 1
4.76276 -3.11377 2
18.7228 -2.3745 2
5.14787 7.37943 1
-9.3379 5.86635 1
-0.567721 3.61041 2
17.7542 0.525978 2
11.682 3.39194 1
-6.30834 3.46944 1
1.91386 2.96883 2
20.8439 -1.76626 2
12.4913 2.99181 1
-9.73487 7.49581 1
2.26368 2.8633 2
18.9819 -2.24905 2
10.0833 5.31982 1
-0.115402 11.0991 1
3.19747 -5.68312 2
22.4887 3.44323 2
2.15715 11.1707 1
-3.85879 6.22921 1
5.25897 -4.96921 2
14.465 -5.37786 2
5.76676 4.74231 1
-2.42544 11.2837 1
0.545593 -1.07477 2
14.9719 -2.59748 2
4.33182 8.83073 1
-10.5335 0.822158 1
8.03668 -4.14057 2
20.6165 1.33776 2
4.10919 6.60964 1
-1.925 9.87595 1
-1.35196 4.27997 2
19.4452 4.2226 2
5.35998 8.45814 1
-3.64607 10.3319 1
6.94439 -2.97788 2
16.1626 1.1177 2
5.92411 6.66778 1
-8.78357 0.255379 1
0.231292 -0.216983 2
13.7852 -6.35436 2
9.09044 7.43131 1
-5.54503 7.73282 1
3.99543 -6.46915 2
13.8971 -7.37405 2
3.78918 9.03552 1
-6.05006 6.03471 1
9.53398 -7.04565 2
14.8823 -1.43961 2
4.02949 8.49923 1
-0.121581 7.92657 1
2.12672 4.94979 2
20.8072 -2.14009 2
6.84385 1.59638 1
-7.01413 5.42507 1
-0.859494 4.93581 2
21.4598 3.78113 2
2.2047 11.9258 1
-7.80618 6.68334 1
2.4013 -1.85392 2
17.3023 -3.59974 2
8.00669 7.42383 1
-7.47404 1.3335 1
-0.0200596 3.68211 2
17.1724 -4.94401 2
5.62073 5.03187 1
-10.0082 4.0805 1
6.99371 -1.51526 2
21.4906 2.72695 2
1.78051 11.6665 1
-12.6672 0.56439 1
6.47957 -4.68723 2
16.5841 -2.33728 2
1.39772 8.52688 1
-10.7999 4.19419 1
7.05074 -7.58044 2
19.3676 -3.95105 2
3.79682 9.03481 1
-9.51544 7.31725 1
4.27796 -6.39773 2
17.4524 0.838113 2
5.10855 8.53892 1
-4.56441 11.6927 1
1.71691 1.27127 2
16.4994 -4.68082 2
9.63597 0.384242 1
-9.33529 4.92516 1
2.76023 -3.73628 2
11.1666 -5.11597 2
2.21816 6.79182 1
-10.6527 3.3465 1
1.72833 3.16615 2
19.5943 0.912844 2
7.52406 6.95969 1
-2.788 11.6959 1
2.56779 -5.60023 2
17.1437 -2.34832 2
7.04993 7.98844 1
-8.08875 0.508756 1
-0.777188 -0.0983295 2
16.3437 -0.754643 2
4.21969 9.13169 1
-11.2535 0.303201 1
3.7689 -0.303469 2
18.2916 -1.99496 2
7.50372 8.36409 1
-8.62499 5.28091 1
9.53758 -2.66141 2
10.7108 -3.90725 2
6.49326 3.1286 1
-5.38513 10.8543 1
5.58104 -6.72881 2
13.609 -3.63865 2
7.8605 8.05955 1
-9.29196 1.01996 1
3.05767 -2.54549 2
17.1684 -0.332884 2
0.696972 8.62019 1
-6.95302 1.15939 1
6.71841 -2.66379 2
17.5447 -3.35277 2
1.90633 11.1537 1
-3.99142 9.76684 1
-0.786796 4.84441 2
10.329 -2.67783 2
8.72476 7.49741 1
-0.0107147 8.71996 1
0.830483 4.29231 2
11.8671 -2.62174 2
4.39659 8.57871 1
-8.62412 8.3304 1
-1.75623 1.83115 2
11.3226 -2.6746 2
10.4294 7.53582 1
-7.95798 8.2162 1
2.30859 2.21315 2
17.3262 -3.02042 2
10.4647 3.05092 1
-2.51783 10.4754 1
-1.18308 1.88898 2
21.9839 2.87066 2
8.17491 7.608 1
-10.4597 6.93115 1
-0.776845 3.85708 2
18.8175 -0.023119 2
6.63522 3.7755 1
-6.56235 7.56547 1
0.652952 0.972975 2
11.5024 -4.38726 2
6.32753 9.82013 1
-3.20378 6.78057 1
9.31881 -4.839 2
20.5561 4.07949 2
11.1656 4.11842 1
-8.48598 7.51268 1
1.85456 -1.10237 2
16.3776 -4.64786 2
9.33336 1.98792 1
-3.29186 9.06901 1
-2.21896 2.74985 2
19.3834 3.88392 2
5.22045 6.36251 1
-6.10578 8.42423 1
4.73677 -5.69916 2
17.7075 1.57114 2
9.29584 4.31909 1
-8.24886 2.94425 1
9.2266 -6.54072 2
17.9179 -1.97115 2
7.62194 0.138341 1
-8.56257 0.476759 1
2.4853 4.17419 2
21.1759 2.77781 2
9.95653 1.71149 1
-6.51531 3.56742 1
3.19442 -0.891934 2
17.383 -2.13925 2
6.61966 2.94554 1
-7.616 1.13436 1
6.64345 -3.02602 2
15.7854 -3.7722 2
10.2222 2.74196 1
-10.4837 3.73755 1
3.69061 -5.98067 2
16.9024 0.327266 2
11.0643 6.30034 1
-9.24588 8.90902 1
8.29905 -4.17488 2
18.0433 -2.48638 2
4.94708 5.2655 1
-10.2283 2.43077 1
0.996951 1.46227 2
17.3114 -3.70478 2
7.67823 4.45042 1
-5.59522 8.97124 1
0.865619 3.1589 2
12.1671 -6.29594 2
5.50544 11.1701 1
-5.57936 6.98629 1
1.79995 3.72525 2
16.0366 -1.16484 2
9.92955 2.17097 1
-8.00594 1.80981 1
5.87632 -4.86428 2
18.391 2.74874 2
6.76587 9.45862 1
-5.32593 8.93296 1
2.8969 -4.58822 2
13.7482 -1.77802 2
1.78067 9.32761 1
-2.08323 8.96436 1
6.04735 -3.36331 2
20.5505 0.477721 2
9.32162 3.58713 1
-10.6871 6.25116 1
4.2419 -0.693066 2
18.061 -4.88178 2
5.25617 7.66518 1
-2.29033 12.3593 1
5.7466 -1.03857 2
16.1373 -1.03407 2
2.36618 6.9016 1
-8.71197 4.44941 1
7.13404 -7.66463 2
22.8127 4.5835 2
4.18691 9.13433 1
-2.38549 9.76172 1
2.4329 -5.44647 2
16.6435 -5.12444 2
5.76174 7.93059 1
-11.102 1.47372 1
-2.38 4.03205 2
11.1383 -7.19271 2
8.32704 5.38807 1
-7.19928 10.7125 1
1.84099 -3.79329 2
21.3312 2.89463 2
6.30576 10.8303 1
-11.8262 4.40775 1
-0.398916 -1.76015 2
15.7676 -0.725959 2
1.73324 11.5975 1
-10.0913 0.624052 1
4.03749 0.47841 2
22.1102 3.069 2
9.72571 2.19937 1
-8.95952 5.27522 1
0.594248 -1.97533 2
17.5994 -4.54158 2
2.09276 12.6179 1
-1.1158 11.1908 1
9.51449 -5.07533 2
15.1831 -3.70815 2
10.8447 3.11652 1
-2.86875 8.41143 1
9.48328 -4.04195 2
12.4028 -2.21326 2
10.3908 2.88834 1
-3.22443 9.47166 1
0.435026 -1.8496 2
19.5313 3.5853 2
6.39042 7.37606 1
-4.53121 9.25917 1
3.52784 -4.95706 2
12.0568 -1.98887 2
5.99901 8.15424 1
-6.1888 8.40184 1
1.6358 3.81177 2
10.2498 -2.72555 2
7.33459 9.78113 1
-9.14025 0.725007 1
0.0158262 -1.94468 2
16.2448 -2.53445 2
1.82043 12.717 1
-6.70586 10.4905 1
1.94493 -2.91063 2
15.6971 -6.18283 2
8.91201 1.06134 1
-8.7869 6.70565 1
4.05703 0.0728559 2
17.4307 -5.10016 2
5.5986 4.41483 1
-4.04484 11.8434 1
-1.56041 1.55921 2
19.7425 -0.266269 2
0.931316 8.77395 1
-5.16093 6.82368 1
-1.00622 -0.227993 2
13.4108 -7.45781 2
8.61964 0.551599 1
-9.48753 1.56261 1
1.66699 2.29239 2
19.9208 -2.28229 2
8.57288 8.48119 1
-10.7231 5.31537 1
9.25254 -6.6544 2
15.4781 -6.26225 2
7.18766 6.90106 1
-4.54715 11.9524 1
0.317061 4.8332 2
20.0887 4.60782 2
3.98803 9.20947 1
-9.08145 5.07736 1
4.95617 -1.82984 2
10.4647 -5.68781 2
6.09462 5.68607 1
-5.71139 5.79858 1
6.77438 -3.34677 2
10.4241 -7.50074 2
5.14192 11.3245 1
-12.2108 3.32577 1
8.98642 -7.32262 2
19.4147 -1.09021 2
10.142 2.12606 1
-11.8888 1.50072 1
0.152506 4.31765 2
11.4215 -5.27162 2
9.95339 1.46897 1
-8.36389 5.00991 1
2.52996 0.221449 2
21.1001 0.387975 2
6.90461 9.9889 1
-6.11275 10.2041 1
-2.10331 2.03976 2
20.8864 4.47521 2
0.231861 11.0695 1
-1.41477 11.0114 1
3.30219 -2.55554 2
19.3005 2.9383 2
6.84025 10.6656 1
-8.38256 0.744857 1
2.34554 3.50469 2
20.9489 -1.75777 2
4.45555 8.83536 1
-7.28256 4.68741 1
3.09512 -5.09543 2
15.9546 -3.31964 2
8.10681 5.85075 1
-8.47666 5.24148 1
-0.420834 2.82553 2
20.028 -0.874432 2
11.8213 4.6825 1
-7.36974 9.7702 1
4.39444 -0.722823 2
13.5127 -7.51044 2
2.81825 9.46733 1
-2.31808 6.82265 1
7.96517 -5.05684 2
14.3474 -1.44734 2
11.6606 5.54445 1
-5.05489 5.11118 1
3.29238 -2.41994 2
15.9771 0.335273 2
7.2803 3.2369 1
-0.0426656 9.31513 1
7.41388 -4.71304 2
11.7331 -1.93353 2
3.16038 7.19865 1
-10.1022 1.29022 1
2.96603 -5.04109 2
20.8603 -0.694582 2
7.86791 7.64042 1
-5.26442 6.50856 1
2.4746 -3.30067 2
17.4673 3.76698 2
5.89775 10.0009 1
-6.31604 3.97501 1
1.91765 -3.90217 2
10.688 -4.81543 2
5.13864 11.0481 1
-9.979 2.99896 1
6.84779 -6.61054 2
17.205 -3.41663 2
2.96338 6.43791 1
-0.0307806 8.86113 1
8.19846 -4.75487 2
17.6871 -4.88389 2
5.65704 8.3751 1
-6.69933 8.49273 1
1.56936 0.637831 2
18.7615 -0.409634 2
4.97417 10.5133 1
-0.909482 9.64727 1
0.374851 -0.118747 2
14.4286 -3.84868 2
0.210846 11.5936 1
-5.26891 7.57198 1
4.91468 -4.21238 2
17.6626 2.73372 2
1.20454 10.7477 1
-4.27173 11.6802 1
7.52595 -2.5506 2
22.9303 4.10652 2
3.4865 9.55541 1
-6.01222 7.91514 1
4.59592 -3.84438 2
17.7744 -0.614928 2
7.43801 0.0433189 1
-10.2864 5.27222 1
5.95973 -5.95006 2
18.6978 -3.57774 2
7.25795 8.65739 1
-7.52011 7.18821 1
4.07825 -4.14769 2
21.4075 4.30384 2
7.22175 0.129324 1
-4.73447 10.5093 1
8.67644 -3.77474 2
18.4593 0.215916 2
0.361825 7.20289 1
-4.1266 7.61978 1
7.13972 -6.64672 2
11.808 -7.41115 2
9.65333 5.55159 1
-6.22719 4.01073 1
4.58856 0.391593 2
12.0366 -7.63318 2
4.73773 6.77107 1
-10.1424 6.06129 1
-0.845377 1.43464 2
20.7682 4.11456 2
0.0396835 9.18548 1
-11.7606 1.88584 1
4.65225 -3.62284 2
16.0425 -5.75919 2
0.231245 8.07913 1
-10.3924 4.96898 1
8.1498 -2.53481 2
21.0303 0.603988 2
0.136551 8.87565 1
-7.96137 9.89538 1
2.91715 -0.729621 2
16.3582 -5.31297 2
7.54479 6.39784 1
-6.49845 7.73134 1
1.58824 -0.259007 2
17.2908 3.03506 2
4.65132 9.66073 1
-5.53638 9.62006 1
8.31674 -7.61923 2
12.3497 -7.46408 2
9.77705 7.07384 1
-1.80518 10.5174 1
1.67516 2.17469 2
20.228 -2.04704 2
8.83379 1.87928 1
-3.70777 10.4925 1
3.33285 -4.24415 2
17.1125 -3.35041 2
8.86338 9.46222 1
-7.81449 8.39243 1
7.53373 -2.27573 2
17.867 0.728549 2
1.8731 9.38548 1
-3.19258 10.2897 1
2.0434 4.57945 2
12.2998 -3.04448 2
1.28288 8.96698 1
-4.28863 8.39542 1
6.27659 -6.0107 2
14.3034 -6.59043 2
2.28215 9.09659 1
-9.2146 8.21878 1
5.39574 -6.24969 2
17.7586 0.365873 2
0.386318 7.74362 1
-5.75432 6.21831 1
7.29984 -3.03647 2
10.0124 -6.52951 2
9.61721 4.51516 1
-6.31923 4.99458 1
5.29134 -2.42727 2
22.0614 2.10342 2
4.15102 10.7136 1
-5.45721 5.89301 1
8.67002 -4.57296 2
17.4654 -2.64921 2
1.56754 11.5414 1
-5.96867 5.59821 1
4.25658 -0.0300651 2
18.4948 0.742178 2
1.97141 8.09913 1
-4.18314 7.42862 1
9.00786 -7.8302 2
14.167 -1.47856 2
1.12777 12.626 1
-10.1738 0.76645 1
1.8275 3.14055 2
12.9034 -7.29351 2
7.39264 5.68839 1
-5.5186 4.94359 1
1.51175 1.30398 2
13.8317 -5.01795 2
4.91277 8.98032 1
-2.45889 9.5618 1
2.28789 1.41334 2
19.1878 0.114118 2
6.77086 7.81713 1
-12.7607 0.759994 1
6.42401 -4.97143 2
14.1208 -6.60431 2
7.6892 4.85629 1
-1.80513 7.26641 1
1.50482 0.700542 2
18.3489 0.991132 2
1.4092 11.5867 1
-7.21817 4.39468 1
-2.29292 3.24806 2
13.7836 -2.12058 2
1.96103 9.40192 1
-9.15148 5.53702 1
4.87142 -0.946461 2
18.329 4.37624 2
10.2459 3.67784 1
-4.63263 11.4323 1
5.10949 -2.20679 2
12.0453 -7.10868 2
11.6015 4.22449 1
-4.10479 10.8944 1
4.02357 -0.38223 2
11.1653 -4.76003 2
12.5028 3.12634 1
-6.16196 8.6543 1
4.24885 -3.92682 2
19.7702 -1.31993 2
5.42861 11.2105 1
-3.04001 9.53339 1
0.89509 -4.01644 2
11.9156 -5.27022 2
0.396566 11.9384 1
-11.4737 5.99932 1
2.9455 3.38423 2
17.9984 -3.73343 2
4.61284 7.60309 1
-0.00533781 11.8152 1
-0.630692 0.209206 2
20.8249 4.3293 2
1.32419 6.92981 1
-9.68714 3.23981 1
9.34348 -7.8758 2
17.7303 -4.52114 2
11.9474 1.7848 1
-10.5182 2.74976 1
8.45109 -7.56322 2
18.792 3.44575 2
1.16863 9.00909 1
-9.67979 1.26919 1
4.07667 -1.36693 2
14.509 -5.12336 2
8.83055 9.16724 1
-1.71996 10.2326 1
-0.898229 2.62352 2
20.1084 -0.628535 2
7.41334 10.0345 1
-4.49479 8.57633 1
6.26947 -2.27343 2
21.8823 1.32447 2
6.26696 8.56207 1
-1.929 9.45372 1
4.37903 -6.03361 2
17.9922 1.48081 2
9.34227 4.158 1
-8.49264 9.12658 1
7.13938 -3.43344 2
19.0868 3.25711 2
12.109 2.35372 1
-10.305 4.0537 1
8.45599 -7.23396 2
10.5074 -5.85766 2
9.99351 6.12839 1
-8.89128 4.98566 1
-0.0862179 -0.79531 2
19.3564 0.0486245 2
1.07796 11.1091 1
-4.83644 5.78087 1
8.78569 -4.00923 2
19.44 4.67671 2
5.97887 4.88442 1
-10.7646 2.97237 1
-1.0128 -1.6559 2
17.958 -2.66038 2
0.455694 11.5664 1
-3.28683 9.81207 1
6.20347 -1.49753 2
20.3766 1.281 2
1.19458 11.5909 1
-8.17559 8.76275 1
7.58135 -3.28871 2
22.0558 4.89626 2
6.27516 9.43234 1
-3.82274 7.46974 1
1.97676 1.44904 2
15.1043 -1.93742 2
1.64213 9.48372 1
-6.84203 5.40419 1
1.59698 -2.17272 2
12.4614 -7.44136 2
0.745832 7.13991 1
-11.64 0.655729 1
-0.0880728 -1.64787 2
20.1988 0.510818 2
0.972904 9.27732 1
-1.68151 6.88424 1
2.75653 4.53872 2
22.3237 1.35662 2
3.37905 10.9637 1
-4.29911 6.20419 1
3.50151 -5.05089 2
16.7529 -0.547218 2
8.89185 7.72581 1
-1.82454 7.37308 1
6.21987 -0.963232 2
18.9775 1.50443 2
6.55355 7.25766 1
-1.24416 10.8527 1
-2.23985 4.68609 2
16.3867 -0.738338 2
10.3648 0.139609 1
-11.2856 6.25664 1
2.13458 4.88991 2
10.6297 -5.40617 2
1.93457 7.39626 1
-11.6272 5.01161 1
4.87082 -0.18073 2
20.4963 2.72676 2
4.02263 6.29713 1
-3.66647 11.8881 1
3.59278 0.703815 2
16.1832 -6.22878 2
9.14083 2.31145 1
-4.16014 8.37768 1
7.71456 -4.28932 2
17.1737 2.59284 2
6.70335 3.2469 1
-0.920053 10.6165 1
5.66461 -5.67056 2
17.8903 -3.49553 2
6.04824 10.1758 1
-4.78485 6.60665 1
-0.19845 4.98365 2
17.6065 1.93651 2
1.34722 11.6485 1
-6.71313 11.1138 1
6.08728 -4.29911 2
19.085 -0.388411 2
11.154 0.723834 1
-8.07107 2.9388 1
2.66952 -1.80158 2
20.3863 0.471066 2
6.81793 4.9928 1
-7.59242 8.16515 1
6.35871 -6.53252 2
16.9466 3.06703 2
7.32138 2.96329 1
-0.0366023 10.3263 1
4.37828 -2.7122 2
18.2216 1.22433 2
8.43603 3.29265 1
-6.71448 2.76652 1
-0.0942221 0.899215 2
17.2954 1.08785 2
9.09359 1.88787 1
-0.420388 7.33037 1
4.92148 -3.10955 2
19.4088 -0.241485 2
7.22408 2.30345 1
-7.61846 0.141849 1
8.32155 -7.69698 2
18.2514 -2.08633 2
11.7221 5.29391 1
-9.6578 4.14589 1
7.12803 -6.34799 2
18.2598 -1.18785 2
4.91891 8.46418 1
-2.23036 6.97361 1
3.14711 -1.42168 2
17.2617 -4.90544 2
11.0334 1.88016 1
-1.07793 7.25039 1
4.95459 -3.54624 2
19.3223 3.64344 2
8.47316 2.08514 1
-4.89179 10.7035 1
1.34988 2.84141 2
15.2006 -0.697406 2
1.87042 6.77776 1
-7.07698 8.58868 1
3.39878 -3.15491 2
12.8391 -3.67974 2
7.53729 2.73215 1
-11.2784 5.61791 1
2.29695 -0.83104 2
14.5757 -3.58027 2
7.08225 0.225839 1
-6.06063 3.91933 1
1.72213 4.86239 2
22.508 3.12091 2
8.29252 2.34708 1
-10.5588 7.39734 1
-0.784531 -0.096127 2
20.1295 -2.08012 2
4.67883 8.40789 1
-2.15944 7.40107 1
-1.16287 1.97516 2
14.528 -4.17393 2
0.0932598 7.82079 1
-9.69989 6.01875 1
8.05164 -2.25872 2
10.4161 -7.73289 2
6.81301 4.03367 1
-5.95347 6.51103 1
0.348244 -3.11291 2
10.9121 -3.10088 2
1.72741 12.075 1
-11.1257 3.92219 1
6.14417 -3.84807 2
20.5503 1.60125 2
6.4367 10.6436 1
-11.2195 4.16294 1
-0.244862 -2.91943 2
12.1781 -5.59778 2
11.9261 1.533 1
-8.14337 5.73912 1
-2.25015 2.78157 2
19.2097 4.83776 2
9.82143 5.71517 1
-9.11392 5.84207 1
4.98466 -2.33346 2
20.005 2.7398 2
2.25289 7.18669 1
-0.749127 10.2344 1
4.46896 -6.06843 2
18.1716 0.231758 2
6.51346 10.0309 1
-8.32553 3.33488 1
7.2539 -2.7309 2
16.1935 -5.57796 2
4.98217 8.44637 1
-4.76466 6.43559 1
3.18488 -0.841436 2
14.3721 -5.50165 2
5.30256 5.12126 1
-2.60184 9.70315 1
4.34173 -5.74467 2
10.4666 -2.73816 2
3.18453 8.57386 1
-11.8844 3.06194 1
4.87701 -0.699528 2
18.9034 3.40004 2
5.39678 6.83769 1
-8.76946 8.58647 1
4.71038 -4.68391 2
19.2987 -0.327657 2
12.3686 1.95695 1
-8.18819 3.53896 1
2.42876 -2.87218 2
11.8979 -7.69423 2
0.571709 10.8013 1
-11.0768 0.395817 1
-2.06003 1.02115 2
21.2816 0.650348 2
0.662758 7.58032 1
-9.67731 0.0313349 1
6.7114 -4.59602 2
13.7228 -7.27637 2
7.14855 10.3299 1
-9.6815 6.91184 1
5.02352 -3.74153 2
20.8907 1.74189 2
0.0911779 11.5534 1
-9.1254 2.82399 1
-2.08309 0.442613 2
11.8873 -7.1064 2
0.951912 10.0184 1
-11.3889 1.87719 1
6.77364 -6.06725 2
14.9791 -6.9198 2
8.64938 2.86978 1
-2.17792 8.74056 1
2.60796 2.97283 2
11.8339 -3.6628 2
9.31718 0.916979 1
-0.220184 10.4353 1
2.85137 2.89255 2
19.5416 -3.10054 2
9.97772 2.35224 1
-5.99781 3.92105 1
7.7399 -5.9769 2
12.8409 -5.90948 2
6.65004 2.2699 1
-2.27791 12.4272 1
-0.478104 2.76248 2
13.9371 -5.69829 2
1.28386 10.1428 1
-7.08506 3.54395 1
1.88031 -4.92591 2
11.4534 -3.96637 2
1.94469 8.10347 1
-7.26256 0.514183 1
3.59304 -3.44881 2
12.3295 -7.3273 2
10.5059 1.23759 1
-0.491817 10.3116 1
-0.452017 -1.6781 2
19.2432 3.403 2
11.7398 3.92717 1
-10.628 1.06212 1
0.222428 0.109481 2
12.5118 -6.80828 2
11.5309 2.76625 1
-8.38427 7.77414 1
0.846451 -1.3723 2
10.8505 -4.58197 2
11.4153 2.42682 1
-0.483405 9.79618 1
8.56455 -3.86768 2
14.5703 -0.798703 2
1.09406 9.87156 1
-5.65269 7.05864 1
4.33461 -1.5032 2
18.93 1.59289 2
4.94376 9.62051 1
-8.81198 0.845513 1
1.81901 1.13813 2
17.9425 3.20427 2
2.22871 10.7778 1
-4.05837 7.91415 1
-1.1759 1.63297 2
16.9546 -5.35126 2
7.2515 8.75298 1
-10.1474 0.315791 1
5.82234 -3.53649 2
14.15 -7.12018 2
10.3322 6.37876 1
-9.89795 1.39059 1
8.70709 -3.07384 2
14.7576 -3.24747 2
5.42511 5.69858 1
-7.97162 8.26114 1
-2.38061 1.69885 2
18.6296 0.0626178 2
4.05756 7.92011 1
-9.3107 7.45129 1
0.970652 3.93168 2
16.7669 2.38962 2
3.8896 7.77654 1
-8.98983 1.3623 1
2.49666 4.10274 2
10.8539 -6.5609 2
8.81736 7.01228 1
-1.46358 8.54575 1
3.80362 0.837668 2
17.7398 4.89606 2
5.90899 8.74086 1
-10.8844 0.946031 1
0.955677 1.67093 2
13.512 -7.35369 2
4.40334 11.0153 1
-4.6384 7.39275 1
-1.77209 2.72055 2
22.2338 1.52886 2
7.86545 3.63712 1
-1.48648 8.1164 1
5.81529 -3.16389 2
17.1554 -0.38108 2
12.7738 0.792426 1
-0.432369 7.12985 1
-2.46058 2.03921 2
15.2402 -4.09901 2
8.11213 2.3812 1
-11.5424 5.75842 1
9.12518 -5.9305 2
21.0916 -0.0595231 2
6.09439 5.24699 1
-10.4406 1.99138 1
5.95925 -5.21443 2
17.4339 4.43003 2
0.477051 12.6741 1
-9.66898 3.39081 1
9.50104 -6.39482 2
19.4234 2.4649 2
0.465597 9.51535 1
-1.76234 12.7983 1
1.44863 -0.803096 2
20.2762 3.64296 2
4.38427 11.596 1
-4.44742 7.31896 1
6.62289 -5.21942 2
19.4189 1.7705 2
0.884384 9.91786 1
-1.62432 10.3078 1
-2.45295 4.95195 2
19.762 2.97009 2
4.12885 6.77476 1
-8.1318 0.944642 1
3.88481 -5.05881 2
12.0013 -5.49945 2
8.6548 6.44867 1
-4.81842 12.0319 1
-1.15517 1.11426 2
11.8602 -5.60812 2
3.93379 9.4662 1
-10.5267 0.497194 1
3.57012 0.994787 2
21.8229 1.80811 2
9.96665 6.4002 1
-7.34484 10.472 1
7.84274 -4.3461 2
19.844 -1.46285 2
1.02722 12.1054 1
-9.79052 6.92491 1
0.658253 -2.31719 2
17.4221 2.22837 2
11.3224 6.24505 1
-5.96352 4.35752 1
0.803162 2.06984 2
20.7577 4.44631 2
8.02861 5.10257 1
-7.99793 4.24343 1
4.21287 0.158102 2
20.7063 -1.81435 2
3.94728 8.72159 1
-5.99675 6.9384 1
1.40287 2.21274 2
17.7105 -3.42686 2
3.60419 10.5421 1
-2.64468 9.30672 1
1.18134 0.906652 2
18.3368 -3.09108 2
8.65849 6.04304 1
-1.90543 12.6058 1
8.23537 -2.90218 2
16.5442 -5.36177 2
2.30065 7.7939 1
-2.6929 10.0112 1
-0.685189 1.99485 2
19.5384 -3.74084 2
12.5574 2.62207 1
-6.93341 8.21591 1
1.33489 -3.83884 2
17.7915 3.56953 2
4.87193 6.00006 1
-3.09687 7.18605 1
0.808275 -1.76591 2
18.1964 3.52487 2
7.27125 6.0451 1
-12.0452 2.50323 1
5.16312 -6.01706 2
14.783 -3.63635 2
10.1115 6.08723 1
-4.4001 10.0529 1
8.73406 -3.26599 2
22.6838 3.76684 2
1.58217 6.95508 1
-6.09826 6.32343 1
2.8905 1.62283 2
17.4579 -4.1939 2
9.45207 2.45005 1
-7.79253 1.28895 1
9.53289 -5.7271 2
16.3635 -2.32939 2
0.416624 9.62954 1
-2.91572 6.4777 1
2.8333 -5.19399 2
16.9167 -5.62692 2
8.14992 1.37458 1
-6.82081 4.60199 1
4.10906 0.708261 2
19.5418 -0.703897 2
9.17883 2.95452 1
-9.91822 7.5528 1
0.225984 0.915081 2
14.3499 -3.26421 2
5.92037 11.2666 1
-1.32529 11.5632 1
2.24247 4.33427 2
16.7717 0.700648 2
6.36963 9.30961 1
-12.2551 3.90121 1
2.2323 -4.17329 2
21.454 0.458282 2
5.68934 4.60808 1
-12.68 2.51583 1
4.01838 -0.393358 2
16.0591 -5.68723 2
1.88992 10.6637 1
-2.27182 10.282 1
3.81103 -0.146479 2
17.6623 -0.706215 2
11.2213 0.643929 1
-11.0996 2.13676 1
6.41262 -1.82084 2
14.5307 -0.564555 2
0.081814 7.11119 1
-6.79679 10.244 1
4.13981 -1.34931 2
11.9592 -2.11754 2
9.28435 3.59734 1
-4.59058 7.40313 1
-1.56179 4.83148 2
22.3953 2.85083 2
6.98936 3.92596 1
-7.71373 7.07118 1
-1.03715 3.48948 2
15.7128 -5.17537 2
8.84585 7.57889 1
-1.85256 9.77442 1
-1.71676 1.18824 2
13.892 -3.00111 2
7.4091 3.87846 1
-11.9478 3.71266 1
-1.11579 2.56925 2
12.5993 -3.90728 2
3.65982 10.8704 1
-8.051 7.97499 1
4.84964 -4.21279 2
18.3427 -2.00292 2
5.98721 7.0595 1
-8.93644 2.84385 1
5.45328 -2.05223 2
13.7298 -2.87388 2
9.96602 2.55657 1
-4.46252 9.79925 1
0.902952 -3.12234 2
17.6696 0.851949 2
3.09733 8.03658 1
-4.91189 8.24769 1
7.74939 -5.23657 2
17.3141 4.93471 2
7.11573 9.37474 1
-5.28908 7.87335 1
-0.383118 3.77448 2
20.7172 3.07016 2
8.27775 2.9918 1
-2.98858 12.0076 1
-0.450534 0.576501 2
18.7956 1.29056 2
10.6646 3.40053 1
-2.93509 8.04775 1
-1.91136 3.49023 2
22.9208 4.52451 2
3.83797 9.67463 1
-11.1367 1.2885 1
8.90187 -7.94589 2
16.667 -5.63192 2
8.67808 5.21365 1
-1.93266 6.78953 1
9.72461 -7.59729 2
20.1901 1.78952 2
7.64504 1.81611 1
-1.7199 7.50686 1
0.983367 0.490423 2
11.1068 -7.8546 2
1.18421 12.2434 1
-12.1893 2.97947 1
9.38861 -2.10818 2
16.4991 -4.28946 2
3.07899 12.5972 1
-8.02904 0.269053 1
2.70329 1.19494 2
11.1773 -6.88552 2
4.43632 10.194 1
-10.0486 4.5793 1
5.21351 -6.19168 2
16.8616 1.0242 2
1.17115 9.70218 1
-9.83212 1.78253 1
-1.072 1.86781 2
21.763 3.84901 2
2.72941 6.79202 1
-9.4661 3.5052 1
-2.20759 1.23719 2
17.3103 4.61508 2
2.64833 11.7466 1
-10.5789 6.04342 1
5.71034 -2.62746 2
15.8191 0.515648 2
1.18653 9.88407 1
-8.77281 4.99688 1
4.22972 -4.41585 2
15.9992 -2.23132 2
2.98811 8.64751 1
-1.69093 10.2676 1
6.202 -1.39566 2
18.0039 0.0154734 2
9.98141 3.49502 1
-10.6215 5.11049 1
7.03102 -3.24356 2
20.4799 3.04581 2
8.96777 3.47912 1
-12.1266 2.16341 1
-2.52289 4.18244 2
18.7309 1.07079 2
12.1703 3.73479 1
-8.91374 2.45007 1
2.48854 -0.895147 2
15.9451 -0.132948 2
10.7502 0.97461 1
-7.33919 1.14186 1
5.37902 -5.92307 2
19.5031 0.30362 2
5.29214 5.234 1
-8.62559 4.46248 1
1.03121 0.460673 2
16.9126 1.51974 2
8.6132 8.44011 1
-8.27601 6.36344 1
3.85319 1.24609 2
10.0798 -2.88437 2
7.06087 4.70077 1
-5.80744 9.32372 1
1.55163 -0.893919 2
21.1095 4.98646 2
5.41137 7.61252 1
-4.70992 10.7035 1
-2.84653 4.66449 2
12.166 -3.81532 2
4.87484 9.07854 1
-12.2956 2.30931 1
1.06382 -2.90878 2
20.7494 0.787815 2
1.27222 7.16414 1
-3.15012 7.41903 1
-0.918046 1.77009 2
17.9307 -3.11084 2
1.00476 12.4121 1
-3.39259 6.41613 1
2.97539 -3.10251 2
14.1196 -1.87114 2
8.43802 6.28562 1
-2.62217 11.3003 1
0.109194 4.62841 2
12.5125 -6.16302 2
7.53573 5.66264 1
-5.58205 5.45378 1
1.10745 -2.88545 2
20.4327 1.17678 2
2.99629 11.7353 1
-7.20227 4.00106 1
-0.417188 -0.172023 2
22.0432 3.86461 2
7.82245 1.72961 1
-1.44825 10.1866 1
1.51305 4.39755 2
14.442 -5.99947 2
12.233 1.86422 1
-0.599548 10.5802 1
1.82499 1.35249 2
17.5265 -0.680352 2
3.67982 7.77131 1
-12.1188 2.37775 1
5.75803 -5.27447 2
17.8546 -1.81141 2
10.4589 7.50746 1
-10.4696 5.90978 1
-0.564754 1.10774 2
15.5238 -1.5706 2
2.86073 9.20363 1
-3.1847 10.4422 1
-2.26818 2.42876 2
16.3072 -2.83372 2
2.41266 8.95731 1
-8.80077 7.55984 1
-0.528214 2.52765 2
12.9331 -4.52311 2
11.5159 1.74566 1
-3.94977 6.23255 1
1.19621 -2.34437 2
21.0084 1.56126 2
10.9075 4.3156 1
-11.2725 0.320194 1
9.72709 -3.26754 2
20.3983 1.04219 2
7.30085 7.92647 1
-9.00024 9.36325 1
-0.16236 -2.51617 2
21.1089 3.88787 2
0.748719 12.2482 1
-4.33009 9.55251 1
3.40741 -5.40471 2
20.9572 0.399057 2
0.843446 8.86469 1
-9.18489 9.18945 1
2.61656 -3.28355 2
15.2631 -5.21082 2
10.0529 2.66138 1
-4.99304 6.58809 1
8.68082 -2.59762 2
15.0023 -4.36265 2
5.22734 8.42926 1
-9.55595 6.74871 1
6.28084 -4.28541 2
15.2509 0.176577 2
7.58732 8.11841 1
-1.44454 7.10003 1
1.91589 -2.148 2
15.271 0.22011 2
11.5286 3.57305 1
-12.1922 3.6121 1
1.995 -1.77951 2
10.8795 -7.6947 2
5.62057 11.2055 1
-12.7185 1.51404 1
-1.14514 -0.863845 2
14.1449 -5.87177 2
10.2871 5.30521 1
-2.84933 6.53382 1
0.543069 0.985935 2
16.9574 0.538066 2
10.7936 5.68795 1
-0.911479 11.6731 1
7.91804 -6.00321 2
12.2385 -7.63879 2
8.89478 5.22388 1
-1.22546 8.6133 1
3.26208 -1.38519 2
17.8833 0.116945 2
2.75482 9.53616 1
-4.33347 5.60415 1
6.93002 -4.15534 2
13.9888 -5.96298 2
8.59487 4.90033 1
-9.63611 0.97752 1
6.51119 -5.13349 2
15.9675 -6.37215 2
10.4004 4.77136 1
-10.3755 4.82268 1
-0.889216 -1.325 2
14.3496 -6.05862 2
9.23193 8.33844 1
-9.02161 4.8268 1
4.19568 -4.172 2
17.3437 2.26737 2
7.87274 8.28245 1
-1.52154 9.88928 1
9.50101 -6.92194 2
10.6558 -7.03616 2
5.36116 11.424 1
-9.60366 1.59308 1
3.23758 -0.625262 2
16.4199 -2.00119 2
4.00926 10.5169 1
-8.25614 7.70631 1
3.18077 1.87112 2
12.9888 -3.34076 2
7.2627 1.67881 1
-5.73945 7.91852 1
9.28503 -7.81383 2
16.4636 -1.07613 2
11.2378 3.06721 1
-7.66921 5.00023 1
1.30753 3.9109 2
19.6342 0.677426 2
12.6915 2.02556 1
-7.99241 7.94763 1
0.268127 3.18836 2
22.3336 4.51154 2
8.76168 5.79717 1
-6.56459 6.99949 1
1.13562 3.7662 2
21.9997 0.443152 2
2.3229 11.0011 1
-11.5323 2.63621 1
9.82425 -3.16648 2
20.192 3.0488 2
7.81487 6.92391 1
-3.98607 9.85294 1
4.19921 0.336047 2
18.562 -1.3255 2
10.8823 1.36931 1
-5.56282 9.41464 1
5.41888 -5.9643 2
22.9155 4.57932 2
8.69706 3.67833 1
-4.59357 10.2981 1
0.318558 1.74317 2
17.9828 0.747415 2
6.02574 5.41937 1
-9.09771 7.32139 1
-0.615176 -0.677225 2
20.9829 3.18794 2
11.252 1.10127 1
-6.88332 6.80005 1
7.14248 -1.55479 2
11.3396 -5.84035 2
10.8074 6.84349 1
-11.429 3.83311 1
4.4441 -3.36058 2
16.7597 -4.62029 2
4.05645 8.13348 1
-9.94554 4.12206 1
2.25145 -1.40666 2
18.1867 3.45367 2
8.38982 0.617484 1
-9.82713 7.65269 1
6.98673 -1.81548 2
15.1947 -6.88254 2
5.73215 9.25115 1
-11.2905 3.96155 1
5.16109 -5.47282 2
17.8378 -1.32954 2
10.6777 7.29134 1
-0.483668 10.1125 1
-2.63339 4.46054 2
22.4955 2.35334 2
1.71178 12.5496 1
-10.3814 7.44392 1
1.19921 0.602612 2
16.0461 -2.09132 2
8.35894 8.77039 1
-8.5225 0.197855 1
3.75679 1.63965 2
16.5274 -0.347895 2
11.4049 4.20508 1
-5.09439 9.5326 1
7.74347 -7.44932 2
18.0314 1.03169 2
9.81019 4.45836 1
-0.228752 10.4136 1
4.63301 -1.47196 2
10.7739 -6.89438 2
3.09946 11.4591 1
-7.17459 7.17072 1
3.23906 1.17997 2
14.9534 -4.01747 2
5.39759 11.398 1
-10.0681 2.20778 1
7.14363 -6.95913 2
17.3769 1.91488 2
9.32544 1.73773 1
-6.83602 3.50003 1
1.09155 -0.219702 2
21.4541 -0.593814 2
3.9918 10.9762 1
-11.8133 1.05986 1
9.98101 -2.56087 2
14.7548 -4.39169 2
7.30477 1.31186 1
-6.53831 5.94304 1
0.311206 2.13625 2
17.6808 1.47518 2
6.36378 3.58922 1
-8.74452 4.01488 1
1.57307 -4.67744 2
11.9788 -3.85644 2
9.27173 2.39272 1
-5.53358 8.08502 1
0.245317 1.52843 2
10.5262 -7.51011 2
9.26532 8.20699 1
-6.64399 10.0195 1
1.83556 2.92909 2
16.697 -5.14323 2
10.9274 5.09789 1
-4.70062 7.19908 1
2.50939 -5.2342 2
12.2841 -5.94319 2
2.95175 12.0388 1
-10.8133 3.36956 1
3.45345 -0.914612 2
16.574 -0.342754 2
2.28893 9.05924 1
-10.0017 0.216277 1
2.58465 -3.64773 2
18.7382 -3.00569 2
5.11847 9.28648 1
-9.28371 2.93181 1
2.09176 -2.81791 2
18.4503 3.51773 2
8.32029 1.97797 1
-9.98366 4.65033 1
2.41786 4.99896 2
13.6714 -5.9871 2
6.62119 3.83209 1
-6.35504 11.1344 1
1.86097 1.48384 2
14.6765 -1.84603 2
4.48958 10.4573 1
-1.51582 12.0252 1
1.32822 3.13918 2
22.1074 0.601369 2
7.66219 2.77886 1
-4.90321 6.79065 1
0.356672 -0.126259 2
19.1477 4.45819 2
10.7101 4.81949 1
-8.07341 4.2645 1
4.47407 -2.18085 2
18.6631 4.81188 2
3.53666 10.2177 1
-6.99189 8.43987 1
5.99165 -1.42359 2
17.9923 3.33705 2
9.77129 7.01828 1
-6.77463 9.95246 1
2.06078 -3.24614 2
16.3225 0.940217 2
6.73798 4.51928 1
-12.3764 1.73027 1
3.81777 -4.14768 2
18.7486 -1.53006 2
11.389 6.00969 1
-7.14516 3.5565 1
2.10729 -1.64481 2
21.2879 3.36932 2
8.68374 2.68955 1
-8.1129 1.30079 1
5.81184 -2.34796 2
16.9106 2.42287 2
0.35765 9.47283 1
-8.90532 1.61347 1
0.808208 -1.70336 2
22.2953 0.915503 2
0.348173 10.5832 1
-5.71518 11.5123 1
1.75259 -4.07614 2
18.1856 4.26502 2
3.19933 6.62166 1
-0.293362 11.3122 1
2.07755 0.518479 2
17.0587 -1.01785 2
11.3059 2.96398 1
-11.7028 3.82312 1
5.43258 -5.99811 2
17.9076 0.0844078 2
8.58129 0.622795 1
-9.69893 6.28645 1
4.11197 0.115417 2
17.0214 1.17405 2
2.4884 10.2208 1
-10.4476 2.78176 1
1.467 -0.370056 2
17.2633 3.8068 2
7.20308 1.32193 1
-7.21105 5.50894 1
4.33451 -2.94042 2
10.3968 -5.89483 2
9.57033 6.28484 1
-10.1108 5.26781 1
9.18748 -2.5584 2
18.0496 -4.34552 2
10.5387 7.13154 1
-6.59216 3.01348 1
1.53567 3.97334 2
11.0938 -3.86114 2
1.25586 12.2568 1
-6.96872 2.06838 1
3.18483 2.9817 2
14.3312 -3.95263 2
0.87516 7.96594 1
-2.88663 7.29457 1
2.59037 4.61331 2
14.0177 -1.33112 2
11.0508 6.16371 1
-1.37504 12.2356 1
4.02073 -3.35019 2
18.7416 -1.85443 2
3.31613 9.44399 1
-7.37007 6.20277 1
6.26144 -5.89918 2
16.9988 -5.29078 2
3.67376 11.6751 1
-1.84766 11.0834 1
5.58548 -5.1126 2
19.4193 0.55042 2
1.44729 10.7943 1
-2.76882 10.889 1
-0.335433 -1.50738 2
18.7882 0.665762 2
3.79817 8.17037 1
-5.55532 5.90728 1
4.26165 -4.96983 2
13.33 -2.8167 2
9.56676 4.14654 1
-8.27921 3.91035 1
-0.974688 -0.614642 2
20.4177 -1.76287 2
9.94888 1.2159 1
-1.93324 7.97418 1
1.31217 -3.77873 2
17.8471 3.75685 2
11.213 4.7059 1
-5.35294 7.62936 1
8.52777 -3.82304 2
11.2471 -4.09936 2
0.86343 11.6648 1
-2.86223 10.8123 1
4.21351 -3.56852 2
19.8117 2.73979 2
1.21913 8.02464 1
-6.96611 6.57208 1
7.346 -6.11115 2
18.142 -3.14703 2
3.97006 8.68482 1
-7.65326 3.93964 1
3.97846 -0.77793 2
15.9334 0.26048 2
10.8642 5.81408 1
-9.53499 3.65067 1
8.6174 -5.10919 2
14.2843 -6.19426 2
6.2189 6.33551 1
-4.44666 7.21756 1
6.16817 -2.99 2
14.263 -6.11807 2
11.1699 5.84464 1
-12.6848 0.0413149 1
-1.23558 1.10657 2
19.4725 0.545521 2
5.61189 6.59741 1
-5.08251 11.267 1
7.51416 -2.55495 2
17.7805 1.72618 2
2.3316 12.3045 1
-7.24289 0.567171 1
0.303651 -2.71437 2
18.6264 -4.03366 2
12.9474 0.708925 1
-10.0545 3.68563 1
8.46818 -2.68646 2
14.4306 -5.18892 2
3.06176 9.45224 1
-10.6158 2.32518 1
8.19872 -7.71828 2
14.3542 -6.49763 2
7.53129 7.38004 1
-5.2031 10.744 1
-0.284275 1.24189 2
10.0546 -5.19024 2
4.8767 10.6912 1
-9.05661 0.0993208 1
3.6673 -1.67242 2
12.4245 -3.13398 2
6.3907 6.77868 1
-8.2034 7.44881 1
4.80721 -3.51232 2
22.2704 3.72579 2
2.54939 8.31053 1
-8.88946 0.289266 1
8.54785 -3.55818 2
20.0976 0.55306 2
8.96469 2.29035 1
-11.4585 4.43472 1
1.02126 -1.63726 2
18.0213 -2.00201 2
7.29128 4.88568 1
-6.55949 8.74343 1
9.80963 -4.40855 2
16.5928 -5.7148 2
6.37045 11.1283 1
-10.1044 3.00012 1
-0.518696 1.67134 2
14.8208 -4.37744 2
9.23916 5.16512 1
-8.17118 6.4584 1
-0.793472 3.26933 2
12.2018 -6.23733 2
9.0499 1.92114 1
-6.29001 11.1994 1
0.672312 2.50724 2
12.6606 -1.84638 2
5.82143 7.48134 1
-10.5085 1.49221 1
4.72801 -3.302 2
13.2229 -2.47382 2
6.53933 8.61059 1
-9.86603 1.18521 1
8.67101 -3.71392 2
15.5163 -2.59291 2
3.97635 9.70216 1
-3.72216 11.5435 1
-0.738809 4.41181 2
17.6801 3.67496 2
8.04236 6.24091 1
-6.39779 4.25244 1
5.72415 -5.76688 2
16.2839 -4.79215 2
5.35978 10.376 1
-7.78917 5.93125 1
1.17727 -0.901749 2
14.8032 -1.56154 2
6.48994 4.53191 1
-11.246 6.48598 1
3.31548 -0.926114 2
17.811 0.448953 2
7.10582 2.06781 1
-10.7658 0.814856 1
3.2539 0.86535 2
11.6338 -3.31738 2
5.8059 9.61438 1
-4.96506 7.60711 1
-2.46776 2.24299 2
12.8061 -1.57358 2
4.82482 8.77198 1
-6.96333 3.68478 1
2.90236 0.270865 2
14.4996 -4.97672 2
1.11137 9.53359 1
-4.6058 8.99886 1
5.68376 -2.43283 2
16.1193 -1.1196 2
2.56892 9.33846 1
-8.77532 7.39374 1
2.53222 2.42184 2
19.1848 0.248109 2
0.823898 10.2962 1
-1.28548 7.99532 1
1.1981 -0.891282 2
13.9942 -4.50524 2
1.43003 11.7849 1
-7.04625 2.14106 1
5.12029 -1.63798 2
19.2161 -2.54956 2
4.09939 10.04 1
-4.84572 5.38487 1
4.55918 -3.19781 2
11.8358 -4.10808 2
8.09197 8.50336 1
-9.15098 4.42843 1
0.843119 -1.30384 2
17.3948 0.507415 2
6.26686 7.27058 1
-11.3252 3.20087 1
3.49937 -0.381561 2
11.4522 -6.94144 2
0.579372 12.1955 1
-9.26197 2.41516 1
1.69639 -0.929992 2
10.4671 -6.96126 2
6.6974 8.55906 1
-8.6864 3.6156 1
0.0805693 -1.11352 2
19.7095 4.75092 2
7.24994 10.2889 1
-12.4446 3.51191 1
0.558093 4.82883 2
16.7095 1.86069 2
8.73024 1.1741 1
-4.78969 7.26709 1
0.740091 3.29088 2
16.0233 -5.98671 2
6.918 2.01492 1
-8.93605 5.71486 1
-0.323421 -0.645593 2
15.9639 0.426634 2
8.08528 2.63858 1
-2.80975 6.86625 1
9.18343 -2.56247 2
13.0385 -3.10661 2
0.752199 8.88669 1
-4.54779 9.13503 1
2.32499 1.64139 2
19.8482 0.272179 2
7.09553 10.6647 1
-7.5933 1.72688 1
3.43255 -5.51604 2
12.0888 -2.31965 2
6.40273 7.02416 1
-7.04476 4.33163 1
2.17315 -2.67663 2
15.7733 -6.01551 2
9.46898 2.62145 1
-0.949926 11.9745 1
9.50553 -3.54323 2
10.7014 -2.06192 2
1.38157 12.462 1
-7.15996 3.85914 1
2.22182 4.74145 2
22.3279 2.39497 2
7.93518 5.10119 1
-7.72264 3.36386 1
2.03133 -3.00881 2
15.3975 -3.91859 2
6.98332 5.89196 1
-4.46182 7.6847 1
-0.474923 3.66454 2
19.9831 -2.2893 2
11.1484 4.44295 1
-7.45299 0.600147 1
1.37084 2.76883 2
10.8587 -2.95706 2
4.83619 8.79388 1
-0.198043 7.78088 1
1.17941 -3.16671 2
14.0853 -4.77301 2
7.11003 8.54712 1
-4.45771 7.06392 1
1.60063 1.9487 2
19.2219 -4.12276 2
7.19435 7.37038 1
-7.97053 9.19487 1
6.12149 -3.82923 2
14.1519 -3.7147 2
11.2101 4.07317 1
-11.5537 5.32013 1
-2.6203 1.98854 2
14.9441 -2.78342 2
8.73982 1.16604 1
-8.53642 4.47188 1
9.33326 -3.46002 2
19.0288 -0.346156 2
8.78046 8.01988 1
-2.33817 8.76832 1
0.199386 4.45173 2
21.3658 -0.25244 2
8.41391 8.40581 1
-3.51933 9.08065 1
9.10069 -3.04056 2
16.8148 -4.92814 2
11.3636 1.74863 1
-3.27316 11.2051 1
-1.77874 3.57015 2
15.3719 -2.53162 2
2.93743 6.78641 1
-9.86644 6.80326 1
2.30611 2.76946 2
11.3905 -3.22859 2
2.62065 11.4935 1
-6.96235 5.76414 1
2.80601 -1.81205 2
11.3437 -7.26287 2
6.04927 10.2181 1
-11.0844 2.69119 1
7.84129 -7.19989 2
12.3196 -2.11414 2
2.2037 6.71287 1
-6.52365 9.16605 1
6.55956 -5.90293 2
16.2369 0.215896 2
10.1658 6.58852 1
-9.0652 3.21507 1
6.19338 -2.14955 2
11.4682 -4.23644 2
11.2541 3.78783 1
-7.498 5.69331 1
1.89436 -4.70171 2
22.4062 3.3707 2
6.48222 2.84363 1
-6.05871 9.18616 1
2.02338 1.2253 2
10.0111 -4.27321 2
9.05502 6.24838 1
-4.43235 8.46119 1
2.12232 -5.30011 2
17.3444 -1.13536 2
11.6896 1.31569 1
-3.86311 6.65518 1
4.37985 -3.2319 2
15.3166 -1.44748 2
9.22543 5.32892 1
-5.889 4.07214 1
5.2874 -5.22378 2
17.7114 -4.38931 2
1.5697 7.62394 1
-1.29867 9.27733 1
9.96001 -4.98279 2
19.1641 -1.3835 2
8.82813 0.680575 1
-8.42557 7.28012 1
-0.161278 3.68543 2
21.3523 3.12612 2
11.2632 0.108047 1
-0.687639 12.5619 1
0.614622 -1.36681 2
10.5005 -4.42537 2
11.8951 1.52127 1
-0.994404 11.7261 1
4.2781 -6.5855 2
20.2816 1.74584 2
1.10844 10.9692 1
-2.81602 10.4938 1
3.08081 -2.68564 2
18.8281 2.3916 2
7.19932 7.72318 1
-4.12967 8.19372 1
3.55076 0.05023 2
20.225 1.45913 2
7.79212 3.18083 1
-6.29793 7.15039 1
5.12438 -6.2889 2
18.1508 2.84279 2
1.54306 9.25923 1
-6.75305 4.46247 1
2.32438 4.32777 2
22.1481 1.49626 2
3.28063 6.34742 1
-0.882769 9.58508 1
7.09902 -3.67489 2
19.3326 -1.06385 2
4.35275 9.89049 1
-6.14971 3.49188 1
2.04565 0.0694857 2
10.575 -2.10245 2
8.43425 3.85562 1
-11.2659 1.99101 1
8.64888 -7.22009 2
17.2111 0.747909 2
7.89498 6.97699 1
-11.8414 4.2276 1
-0.289401 1.37869 2
13.5241 -2.24752 2
1.34997 7.90905 1
-7.95468 1.79984 1
0.605947 -2.02261 2
15.0347 -3.23546 2
11.2502 5.07549 1
-8.81657 3.68605 1
0.530916 -1.28817 2
14.5326 -2.378 2
5.11064 9.29203 1
-7.61216 1.50469 1
0.259846 3.43516 2
14.7223 -0.556728 2
11.8449 4.73822 1
-7.94988 8.75439 1
6.48126 -4.25266 2
20.0302 4.27943 2
9.72925 3.42677 1
-8.9835 6.56051 1
7.35705 -2.8284 2
21.3642 1.12427 2
9.59261 0.699178 1
-2.3916 12.5663 1
3.38505 2.53711 2
17.6448 -4.13462 2
8.87941 2.89691 1
-4.7582 10.189 1
6.25046 -1.99143 2
18.5701 2.95173 2
4.58426 12.1529 1
-3.86574 11.4298 1
-1.92364 2.77003 2
12.3055 -7.41494 2
4.51897 11.8981 1
-7.30352 8.98197 1
-0.849598 0.878495 2
20.2188 -1.4197 2
5.5726 10.0355 1
-12.2655 2.53827 1
-0.754384 -2.06848 2
21.0697 4.43131 2
11.0867 5.3732 1
-9.55066 3.43644 1
1.44388 -3.42953 2
10.5443 -3.92809 2
0.0495921 8.87566 1
-4.81363 6.21937 1
6.74512 -5.91148 2
19.819 1.00016 2
1.78689 7.57335 1
-8.14204 9.15506 1
4.77024 0.307303 2
22.5915 4.21411 2
7.65477 3.34339 1
-8.75818 3.69468 1
1.59423 2.937 2
15.5808 -0.224738 2
6.06284 7.36768 1
-7.22425 7.94013 1
9.71379 -7.45402 2
10.2399 -7.75506 2
0.013537 9.95388 1
-6.71745 6.18894 1
8.11331 -4.70038 2
21.5224 2.38368 2
5.22843 11.6964 1
-0.759387 11.0428 1
4.14106 -1.82223 2
15.4105 -0.657029 2
0.59716 11.2396 1
-12.0888 0.229989 1
0.325864 2.00001 2
14.7082 -6.56083 2
4.99787 6.40558 1
-1.33496 10.4599 1
2.96022 2.90565 2
18.9166 4.08683 2
5.55575 6.86996 1
-6.3829 3.22685 1
8.64231 -3.24786 2
14.8872 -6.03183 2
2.28362 11.2152 1
-4.01611 10.7863 1
-1.69948 1.33037 2
21.8841 1.79457 2
2.13904 10.8494 1
-9.57337 3.49674 1
7.70668 -5.8817 2
18.891 2.11988 2
2.77536 9.39547 1
-8.75068 1.47485 1
9.27776 -4.88763 2
11.4655 -7.6063 2
7.10129 3.55293 1
-7.89803 9.18282 1
3.24892 -5.19135 2
17.0645 2.35788 2
0.0714741 9.76996 1
-6.00922 10.4507 1
2.66169 4.53916 2
16.3378 -2.43138 2
4.09781 11.1667 1
-7.34637 2.22479 1
3.20347 2.7556 2
21.4076 4.45238 2
3.18974 12.5072 1
-6.88839 5.07193 1
1.46452 0.726019 2
18.2762 -4.06298 2
5.40737 7.59217 1
-1.99813 8.22456 1
-0.546352 3.56612 2
16.6344 -0.321675 2
10.3936 2.47536 1
-4.79674 11.9076 1
5.97994 -1.5214 2
15.4225 -1.31753 2
0.6709 8.62469 1
-6.07127 10.4879 1
4.37657 -3.0694 2
19.5033 -1.40909 2
3.90587 10.4444 1
-11.063 0.159652 1
5.55226 -3.91541 2
18.7114 4.04898 2
2.3245 12.6173 1
-10.1575 1.16145 1
8.0399 -3.2205 2
11.3211 -2.7232 2
11.0802 0.388301 1
-4.50636 7.46136 1
-1.87234 4.41425 2
16.4269 -5.74336 2
10.2607 7.38925 1
-7.4967 1.70846 1
1.7966 1.46258 2
16.0769 -2.17186 2
4.53459 9.82922 1
-4.21846 12.0301 1
6.49623 -2.52312 2
17.2181 0.54622 2
5.04644 9.43446 1
-10.7154 0.24984 1
3.46653 1.10239 2
14.1914 -2.27846 2
6.69568 10.2683 1
-1.45032 7.2371 1
9.07947 -2.09329 2
19.8154 -0.455112 2
7.25042 8.14097 1
-0.378817 10.7542 1
2.42997 0.0144691 2
13.6857 -1.51027 2
11.5211 0.254842 1
-10.5365 5.77151 1
6.47431 -6.0599 2
10.5322 -2.44313 2
0.876253 8.21277 1
-5.5787 8.14638 1
2.06027 4.85128 2
10.1319 -2.91654 2
7.69063 3.81766 1
-11.6948 2.21554 1
-1.26534 1.15975 2
14.4546 -5.63764 2
9.90623 0.786928 1
-6.82533 8.42731 1
8.80118 -4.43758 2
17.4975 2.19069 2
11.0221 4.74634 1
-0.878349 12.5857 1
2.5303 2.69484 2
15.7158 -1.1645 2
1.61882 6.91098 1
-9.76222 8.44415 1
7.66171 -5.80399 2
17.2416 2.91701 2
8.26163 1.73905 1
-4.8923 7.42927 1
-0.112789 2.08562 2
22.1756 4.36709 2
8.87619 4.07067 1
-4.28495 9.75454 1
6.34364 -6.75465 2
22.5557 3.02779 2
8.83488 9.31791 1
-7.1219 10.2223 1
2.88804 1.42321 2
17.6475 -0.133166 2
3.88781 11.8024 1
-7.67602 8.80696 1
7.6172 -3.02941 2
20.7309 3.06151 2
10.0016 6.56574 1
-4.73892 5.37829 1
5.35974 -1.44921 2
16.7418 1.05446 2
3.42113 9.84428 1
-8.14312 7.82231 1
-0.0595894 2.74492 2
15.2432 -1.04655 2
4.35036 6.92879 1
-3.78833 12.0264 1
2.9442 4.53339 2
18.1096 0.942586 2
7.03235 6.36602 1
-11.7443 3.11564 1
4.77952 -0.486072 2
17.0612 -3.6416 2
3.46391 12.3899 1
-7.90956 0.338725 1
8.31145 -7.25992 2
17.2675 -0.476883 2
11.648 5.3421 1
-10.4699 6.75763 1
0.600489 0.497785 2
10.1237 -2.8749 2
3.27348 11.868 1
-4.13557 6.68439 1
2.74397 -2.59948 2
19.4625 1.62792 2
8.41803 4.37204 1
-3.7108 10.1066 1
6.36804 -5.97832 2
17.9816 3.76852 2
7.26036 5.45144 1
-7.98911 3.65987 1
0.0463438 -3.11276 2
21.5348 4.77286 2
6.98073 9.52531 1
-1.57703 12.8567 1
4.98085 -3.83306 2
17.5485 1.08136 2
8.29068 5.17636 1
-0.0730847 11.9226 1
9.15909 -6.13626 2
13.888 -3.10127 2
3.5877 11.8771 1
-11.7611 0.541352 1
3.0101 -5.29591 2
16.8212 -4.48959 2
9.34626 4.32454 1
-2.41802 11.7798 1
2.27895 1.11642 2
19.0599 3.18062 2
1.93437 12.2146 1
-10.8765 0.938581 1
2.75891 -4.63768 2
16.9336 2.75157 2
11.738 1.50702 1
-9.15307 8.08428 1
-2.13317 4.08953 2
19.6195 -3.19311 2
2.72985 11.5538 1
-7.40774 7.20578 1
7.43026 -7.20565 2
15.6972 -4.81083 2
8.84334 7.17714 1
-11.0418 2.77693 1
0.574435 4.75655 2
13.5317 -3.16358 2
1.75047 12.6848 1
-3.24787 7.58203 1
7.16839 -7.23338 2
18.7423 3.03523 2
10.1579 2.87371 1
-10.0795 5.24472 1
0.539946 4.70629 2
19.1986 -2.50188 2
7.74533 6.60239 1
-0.787751 9.4958 1
3.7128 0.964382 2
14.0778 -1.3564 2
6.17018 6.90943 1
-8.87421 5.73364 1
2.72575 -1.03209 2
20.5977 -0.686831 2
3.43459 6.92197 1
-5.33605 7.88497 1
1.05657 3.20389 2
18.1787 -0.142035 2
10.7662 4.04332 1
-4.85171 11.554 1
9.46088 -6.13891 2
14.4953 -3.75975 2
10.6722 7.40058 1
-0.432674 11.4261 1
6.86365 -6.03039 2
14.1129 -1.57094 2
4.95237 9.44896 1
-6.03784 7.54306 1
2.11609 1.19596 2
12.358 -7.12549 2
10.8745 4.94756 1
-9.6694 2.27367 1
6.67398 -5.10207 2
18.1325 0.187356 2
0.98063 12.5067 1
-7.04973 6.0077 1
-0.8225 -0.636103 2
15.128 -3.50404 2
5.98769 5.83535 1
-10.7729 5.44263 1
5.78511 -2.44225 2
17.7163 -2.5409 2
4.54432 8.41604 1
-1.00327 12.6768 1
-2.76161 3.50972 2
17.7607 -3.04668 2
6.65727 5.5832 1
-0.682785 12.4006 1
4.23631 -0.444383 2
13.0184 -5.89173 2
0.948419 9.00613 1
-3.72708 11.7213 1
8.55124 -2.94197 2
16.1635 -4.16506 2
2.48288 10.7078 1
-10.3846 4.80978 1
5.47728 -5.14622 2
16.3001 -2.0485 2
7.69807 5.64916 1
-11.2324 3.02648 1
1.52913 1.22565 2
11.8878 -4.41928 2
8.14055 1.22924 1
-10.3943 3.03971 1
-2.0119 3.02461 2
16.5259 -4.39651 2
6.78517 11.0486 1
-1.15048 8.3127 1
-2.75243 3.0936 2
14.6426 -0.461232 2
6.69047 7.36823 1
-10.4079 0.0991016 1
3.93984 1.0662 2
17.4695 -2.3128 2
6.87461 4.54986 1
-4.03874 8.0251 1
-2.01447 2.38775 2
18.0735 -2.17922 2
4.62648 11.9089 1
-11.7542 4.87159 1
5.83957 -6.68475 2
15.9976 -0.825672 2
3.17981 10.0363 1
-0.827472 10.7823 1
6.50101 -3.46799 2
19.7607 -1.93917 2
11.4665 3.08067 1
-10.2636 3.09303 1
4.97564 -3.37556 2
17.0055 -0.426049 2
2.46235 10.6519 1
-8.43412 2.44133 1
6.86824 -3.82864 2
15.0228 -1.63075 2
0.0916977 12.0365 1
-4.60924 10.3553 1
-0.508029 -1.34462 2
17.3425 2.46761 2
6.5078 8.72569 1
-12.1971 3.30889 1
5.05076 -4.39487 2
18.58 -3.081 2
1.71175 9.52013 1
-11.0487 2.47807 1
0.207763 1.40073 2
20.3703 -1.38155 2
7.23811 9.56737 1
-9.69044 0.149109 1
3.71221 1.82397 2
17.0461 3.1322 2
8.78969 4.857 1
-2.25044 6.8384 1
2.66493 1.43144 2
19.4964 -2.1684 2
7.01618 5.75311 1
-9.35238 4.3835 1
7.67917 -1.72267 2
13.29 -2.45548 2
9.70805 1.51683 1
-2.91867 7.21196 1
3.62512 -2.35303 2
15.442 -4.66492 2
6.06789 10.0096 1
-5.82451 4.49016 1
5.65618 -3.74318 2
21.7021 1.46491 2
0.912289 12.7525 1
-12.4038 0.599051 1
9.74874 -7.54864 2
16.9017 -2.2912 2
3.29107 8.71018 1
-9.44129 1.47282 1
5.65256 -3.69324 2
16.4757 -1.82741 2
11.638 3.53711 1
-3.47737 8.93723 1
0.463719 0.746068 2
13.8026 -5.69642 2
3.41369 10.7042 1
-4.98762 6.70476 1
1.82242 -4.03977 2
13.0161 -7.52501 2
9.69696 4.91641 1
-3.80193 11.0291 1
0.560511 2.56005 2
21.3772 2.14046 2
2.79804 7.91346 1
-4.701 10.916 1
0.658289 -3.11468 2
18.6203 3.67066 2
2.75825 9.99702 1
-11.0745 5.77437 1
0.47797 2.19252 2
17.3873 -1.21899 2
9.96987 5.27055 1
-0.965773 11.5361 1
8.60433 -2.98546 2
17.2564 -3.50914 2
6.42518 2.97246 1
-7.07208 2.04546 1
5.69821 -3.89152 2
14.0802 -2.06004 2
4.96211 7.22167 1
-6.16239 4.46062 1
-1.21183 1.86773 2
21.5206 1.93593 2
9.90404 5.77696 1
-11.5732 3.53479 1
2.95615 -5.80904 2
14.9268 -0.0875578 2
2.3162 9.88822 1
-2.17584 11.3481 1
6.47611 -3.68309 2
16.4921 0.147534 2
5.43896 8.9704 1
-3.06472 8.43603 1
2.93735 -1.13792 2
17.0774 -5.14989 2
9.27652 2.29727 1
-10.3463 6.04319 1
1.79473 3.45423 2
21.7549 3.3026 2
6.39823 7.44669 1
-0.058618 11.8372 1
2.72677 0.371752 2
11.4879 -3.45407 2
7.15937 5.0649 1
-4.04512 10.4166 1
9.06944 -5.44336 2
19.2806 -3.28039 2
4.88966 10.6748 1
-8.4164 3.37542 1
5.2825 -4.90433 2
20.5778 -0.98886 2
2.41782 10.389 1
-10.4946 0.525915 1
2.13654 3.47753 2
13.0253 -1.52514 2
0.755638 7.07039 1
-4.51375 8.80505 1
5.91457 -1.7879 2
13.0136 -4.23773 2
1.66887 11.43 1
-4.43151 6.15711 1
6.55144 -4.7083 2
13.7787 -3.63143 2
5.8904 8.29244 1
-4.43648 8.56578 1
0.913263 -3.52191 2
19.6726 3.81515 2
3.79738 9.28571 1
-4.46763 8.34498 1
8.91405 -6.15066 2
16.5095 0.465491 2
6.83064 1.6291 1
-10.1949 3.01682 1
6.54836 -1.30501 2
17.4899 -3.71329 2
9.4099 2.06108 1
-7.84505 4.13825 1
9.6284 -7.88894 2
18.2339 0.615928 2
9.48649 6.77329 1
-6.28639 3.41658 1
6.97014 -4.88504 2
15.1344 -2.94577 2
3.65906 6.41912 1
-1.68539 11.5041 1
-0.557373 2.94302 2
21.393 4.14451 2
6.89621 6.62697 1
-5.23957 9.8861 1
1.62958 3.84185 2
17.735 -3.31307 2
5.81543 4.22144 1
-2.08636 12.1018 1
2.36198 -2.12678 2
15.9562 -0.612953 2
0.558719 7.96568 1
-10.715 4.21778 1
8.6152 -7.40035 2
12.7219 -6.94217 2
7.74191 5.03723 1
-7.63854 0.695729 1
-2.90549 4.40525 2
16.3087 -5.86195 2
5.82763 9.40038 1
-8.80073 0.807065 1
3.84539 -5.25806 2
15.6116 -4.66391 2
11.7134 1.30833 1
-6.94667 8.31275 1
-1.62341 -0.632082 2
18.0912 2.00561 2
10.7704 0.702854 1
-10.6361 3.14045 1
9.98067 -4.64812 2
11.7656 -6.64275 2
6.57534 10.2371 1
-8.27785 4.34569 1
9.89445 -4.49406 2
17.3707 4.9497 2
5.87404 5.00682 1
-1.35635 7.63954 1
3.19628 -0.28967 2
17.0469 -4.44464 2
6.51223 5.07349 1
-5.12379 6.98979 1
4.11028 -3.31454 2
21.3039 0.953539 2
6.90444 7.54854 1
-0.597289 12.4754 1
5.95721 -2.10952 2
17.9924 -4.67264 2
12.1483 0.882149 1
-4.98718 10.414 1
1.87178 -2.94126 2
21.9877 0.433768 2
5.44191 5.89216 1
-5.83813 9.47196 1
2.65553 4.65446 2
18.8931 -2.94176 2
5.0944 10.0437 1
-10.9259 6.02956 1
4.56343 0.0718994 2
15.8507 0.448653 2
4.77429 9.34246 1
-9.688 8.46356 1
2.93948 -4.50889 2
18.3994 -4.1118 2
7.95058 6.39331 1
-7.26365 9.62164 1
8.81836 -2.7559 2
14.0142 -0.955932 2
10.2953 7.4477 1
-7.94152 1.40252 1
9.90509 -7.67805 2
15.4839 -3.0455 2
8.71504 3.14105 1
-9.30539 0.789733 1
6.07258 -3.35367 2
22.9249 3.77732 2
2.80137 8.17195 1
-10.4209 2.05837 1
2.46302 1.5077 2
14.6777 -6.50388 2
11.3507 3.86253 1
-8.14932 6.41589 1
7.31271 -2.19201 2
22.1921 3.73953 2
3.79562 12.117 1
-2.48315 6.59699 1
2.71104 3.12028 2
15.9218 -3.90818 2
5.25312 10.5995 1
-7.41206 9.08043 1
4.30905 -3.09228 2
12.2843 -6.78014 2
7.22208 5.97264 1
-0.877816 11.0177 1
4.75932 -3.95457 2
13.242 -1.61189 2
6.76337 9.93213 1
-2.6949 11.9919 1
8.4907 -3.38586 2
17.0842 3.84712 2
3.7641 9.36847 1
-8.98581 7.1551 1
6.48268 -4.86363 2
15.1728 -3.60697 2
0.22459 9.78748 1
-7.98558 5.46527 1
4.25795 -6.22763 2
22.0772 1.54256 2
7.39148 1.59723 1
-11.5294 5.47489 1
0.563541 3.77574 2
14.4668 -5.94576 2
12.0986 0.374214 1
-10.9189 3.90525 1
9.23112 -6.35955 2
20.0432 4.00653 2
8.14703 5.02877 1
-4.34651 10.6479 1
2.86688 -5.77246 2
13.2473 -3.23919 2
6.88673 7.71414 1
-6.18494 3.49685 1
3.73488 -0.283581 2
15.0898 -5.50198 2
8.86153 0.269361 1
-6.85216 4.00856 1
5.10237 -3.55453 2
15.8468 -4.24414 2
7.0166 5.00514 1
-5.6424 10.2639 1
9.75568 -7.52914 2
14.9781 -1.42927 2
3.02598 11.2432 1
-12.4278 3.02808 1
1.313 0.482423 2
10.5301 -6.91317 2
12.1825 4.22843 1
-0.0351968 10.3861 1
-1.24275 1.99155 2
15.8225 -6.48707 2
2.53759 10.8006 1
-4.91634 5.56357 1
0.956237 1.37081 2
16.6573 -3.14761 2
7.06078 10.3654 1
-3.57894 6.24331 1
-0.72397 -1.13312 2
13.5193 -5.81881 2
3.89375 12.1998 1
-10.0004 5.64294 1
-0.116747 4.33609 2
21.8701 4.30431 2
2.39035 10.1163 1
-11.0016 5.14783 1
1.37334 3.10464 2
14.3476 -4.35325 2
8.3267 1.34802 1
-1.99619 7.32161 1
4.22287 -3.90782 2
11.1977 -7.38026 2
0.0441748 9.28272 1
-9.74666 3.68495 1
-1.58258 1.65628 2
18.5549 2.01328 2
0.357006 12.9026 1
-3.00532 8.64275 1
1.83728 3.03684 2
12.1583 -2.99254 2
1.7138 11.7963 1
-10.2579 5.41049 1
4.68693 -6.40057 2
16.2986 -1.56366 2
2.20642 12.3412 1
-5.08642 6.75699 1
1.54397 -1.96602 2
11.9586 -7.19886 2
11.3552 0.294821 1
-12.0911 2.50286 1
2.08666 -3.20345 2
16.7901 -1.34075 2
1.90216 11.4736 1
-5.08562 10.3582 1
2.02748 -2.39821 2
17.693 -2.31882 2
6.3967 6.78414 1
-9.82168 2.53956 1
-0.687776 -1.92639 2
17.748 1.63023 2
8.9751 1.28084 1
-7.83977 1.41475 1
1.18704 -0.425017 2
19.14 1.494 2
12.7438 2.53669 1
-10.5205 6.26197 1
2.83373 -2.88029 2
11.8067 -7.76148 2
10.263 4.41903 1
-7.86765 6.23806 1
2.34719 -4.45336 2
16.9718 3.37778 2
12.0919 2.20574 1
-5.75025 6.25813 1
-0.525215 -1.33597 2
19.2788 -2.78817 2
10.755 4.14643 1
-6.85385 8.67905 1
-2.14482 3.2134 2
20.3785 3.40344 2
4.2695 6.83509 1
-0.673432 10.9385 1
3.09917 -0.762323 2
11.205 -2.93406 2
11.8789 4.61386 1
-0.163675 9.25744 1
8.86965 -4.11219 2
18.4323 3.60512 2
2.7039 7.94247 1
-8.92216 9.3214 1
2.63909 2.17701 2
12.0837 -3.56595 2
10.7571 0.962643 1
-0.179809 10.9207 1
-0.220084 -1.39023 2
21.132 3.18416 2
10.9588 2.07822 1
-7.16369 6.84453 1
1.611 -4.86759 2
16.189 -4.14792 2
7.13415 8.27271 1
-9.23535 4.89367 1
7.18806 -1.45543 2
21.2839 2.60143 2
1.99672 11.9694 1
-2.20694 8.33025 1
8.76067 -3.47961 2
16.4961 -5.86273 2
1.75978 8.28314 1
-2.1739 7.94877 1
5.56894 -4.30805 2
13.2215 -4.14492 2
1.19926 12.4568 1
-6.40977 7.90898 1
2.59264 3.90176 2
15.7243 -0.135853 2
0.749845 8.19799 1
-10.028 7.24598 1
7.47088 -3.23462 2
16.7366 -1.96018 2
4.54267 9.95806 1
-9.41488 4.1437 1
0.246872 2.67286 2
20.2361 3.24191 2
2.51846 8.24256 1
-1.77499 8.24271 1
6.5593 -5.40645 2
16.2601 -4.27871 2
2.02063 9.3038 1
-0.508919 11.7738 1
-1.63094 1.02488 2
11.9367 -3.86706 2
11.9021 2.18937 1
-7.73107 2.34275 1
2.08633 -1.93608 2
20.9112 2.41003 2
1.21314 8.71301 1
-8.4567 0.808961 1
9.78511 -2.30087 2
19.5991 0.983284 2
1.07865 10.74 1
-6.92988 7.50581 1
-2.61955 3.15644 2
12.8628 -5.79984 2
2.99749 8.2073 1
-3.98301 8.56428 1
9.32205 -5.13493 2
14.4358 -5.85521 2
6.17522 5.98821 1
-0.494026 12.6764 1
1.86333 0.713507 2
16.9674 -1.73158 2
4.17803 7.64534 1
-8.53818 8.3023 1
3.56405 -5.67606 2
19.5697 -1.92998 2
1.44139 11.1334 1
-9.66902 7.10321 1
-2.26589 4.15295 2
16.2812 -5.28673 2
6.03525 4.17043 1
-6.72993 2.60498 1
-1.10041 0.917569 2
11.1234 -1.9663 2
1.38423 9.9786 1
-12.6315 1.45145 1
3.01424 -3.1698 2
16.8706 -1.25165 2
9.01685 8.61912 1
-9.38404 2.29809 1
4.09414 -2.81873 2
21.8687 1.35967 2
7.50896 5.91116 1
-1.68496 8.63233 1
5.43265 -1.58142 2
19.5613 0.801102 2
8.03288 8.06205 1
-3.23184 10.8368 1
3.54404 0.345671 2
11.5468 -7.36182 2
12.4731 0.41551 1
-5.31949 10.8129 1
9.05182 -7.82845 2
18.4608 1.39849 2
7.60018 10.2697 1
-7.65313 4.16145 1
8.29597 -4.72764 2
19.0895 0.897679 2
3.66633 12.0916 1
-7.44797 8.98582 1
0.0955038 -3.39614 2
18.8143 4.37145 2
11.0293 4.27505 1
-5.34676 11.8302 1
2.09531 -2.39055 2
14.6705 -6.17636 2
7.36549 6.37455 1
-9.62537 3.99346 1
6.91494 -5.54504 2
15.9412 -0.0917749 2
9.36683 4.84817 1
-7.70206 1.71359 1
6.32159 -3.70334 2
21.1732 0.600615 2
8.88529 6.07788 1
-11.7899 0.55581 1
5.74575 -1.15542 2
13.1517 -3.24725 2
3.84742 6.23677 1
-5.2167 6.84442 1
3.89065 -0.0105982 2
19.0411 0.717455 2
9.40998 4.9264 1
-1.35534 12.4126 1
8.24723 -1.81572 2
20.1614 -2.54506 2
6.94064 3.38771 1
-0.74087 8.92473 1
3.6115 0.962015 2
19.0486 -2.33685 2
12.2633 1.14083 1
-8.51934 7.12634 1
2.54695 -5.27211 2
14.8172 -2.8827 2
7.04005 5.2343 1
-7.07821 7.78092 1
3.20839 1.25502 2
19.0847 -0.622785 2
10.2372 0.606982 1
-4.90946 5.23939 1
-0.473686 -0.780909 2
16.2476 -0.549328 2
11.0875 6.2122 1
-9.95717 0.742864 1
-0.933939 3.15702 2
11.7274 -3.73426 2
9.48429 4.72576 1
-3.24346 6.77733 1
9.7232 -7.03327 2
13.8041 -5.51404 2
2.75343 11.3429 1
-7.66307 0.227112 1
3.05718 -4.94729 2
13.5837 -2.35963 2
2.38383 9.8299 1
-6.52214 4.79911 1
8.18442 -2.14524 2
17.2935 -0.939444 2
8.53873 6.15334 1
-3.10064 6.89461 1
0.158813 0.0729895 2
17.4355 0.0563154 2
4.68732 9.81929 1
-8.68742 3.32924 1
1.87165 -1.33363 2
20.1023 4.67851 2
2.43337 9.58443 1
-7.38789 4.24895 1
2.16524 4.50068 2
11.75 -5.93539 2
3.53483 7.54973 1
-11.6487 5.30841 1
2.26838 -2.3361 2
18.6376 3.89928 2
9.54566 3.766 1
-7.43435 5.55417 1
4.12434 -0.160099 2
19.4091 0.149302 2
4.1191 9.77972 1
-7.09677 5.86906 1
2.28488 3.5093 2
14.4602 -5.57752 2
3.3201 7.99504 1
-0.303453 12.8589 1
0.695112 -3.9411 2
21.4047 2.56617 2
7.59393 1.05157 1
-5.90227 6.48889 1
7.10957 -5.98373 2
16.1879 -2.35064 2
8.56125 9.508 1
-11.4768 2.64913 1
9.45263 -2.78167 2
21.5902 3.49303 2
0.632218 11.2973 1
-0.731162 9.83146 1
6.68268 -3.32509 2
22.3281 1.21471 2
1.35014 9.9285 1
-2.60248 7.81359 1
-1.85224 2.20163 2
13.0426 -7.39961 2
10.58 1.63278 1
-0.906582 11.2123 1
-0.249189 4.33872 2
17.639 4.43349 2
8.98637 5.52198 1
-8.42775 8.31444 1
4.75707 -5.11393 2
11.3966 -1.86863 2
1.68222 11.8588 1
-12.2522 1.0151 1
1.19783 2.70527 2
22.1288 3.15635 2
4.51891 6.76774 1
-8.81972 8.59698 1
2.38421 3.93734 2
15.7109 -4.01242 2
7.93128 6.52195 1
-0.0115439 9.6135 1
6.8105 -6.41948 2
16.9276 1.39579 2
4.80169 10.8551 1
-4.9255 9.39615 1
-1.2398 -1.23169 2
20.822 4.35005 2
6.73697 10.1117 1
-11.4879 2.5567 1
4.29128 -1.10364 2
13.6194 -6.41964 2
2.11606 11.5506 1
-4.30201 10.7814 1
8.0448 -2.49151 2
19.2009 -3.88282 2
11.0957 1.00261 1
-6.73797 3.02122 1
2.92449 -3.63856 2
19.2885 -3.41941 2
2.00927 7.77636 1
-0.146092 11.0792 1
4.87633 -3.31023 2
18.4015 -4.42568 2
6.09167 10.3567 1
-5.5301 6.01644 1
4.89833 -1.87206 2
14.9513 -4.39714 2
5.82282 6.64965 1
-8.94224 3.94906 1
7.10331 -4.26394 2
19.4655 -1.90386 2
3.55975 10.6035 1
-7.52678 7.83322 1
7.14874 -7.47806 2
16.7932 -1.00114 2
5.23858 5.416 1
-9.33317 5.17 1
4.39874 -3.7338 2
16.7087 -4.16101 2
3.99423 9.18855 1
-0.713577 8.22458 1
-2.59779 4.45557 2
15.2778 -4.65669 2
2.65782 12.5742 1
-4.61705 7.89641 1
9.9336 -4.76108 2
20.9974 -1.3138 2
9.9632 6.07654 1
-6.58151 3.30049 1
2.68794 -5.57574 2
18.7435 -1.65488 2
6.29776 11.2194 1
-7.98044 2.89637 1
2.1355 -0.977869 2
17.2073 -3.57797 2
10.1042 4.17046 1
-7.47095 8.96658 1
8.73852 -1.96 2
13.9922 -2.0618 2
0.191731 12.4463 1
-4.05496 6.48949 1
-0.665664 -1.77125 2
19.6676 -2.71816 2
7.4019 5.83124 1
-10.0017 3.11027 1
1.80812 0.527343 2
21.4327 1.93093 2
2.63137 8.65505 1
-6.26988 8.84854 1
-0.943935 -1.46162 2
18.2948 3.00111 2
11.6066 5.43776 1
-7.52293 10.2306 1
-1.31555 3.07517 2
21.0762 2.03116 2
7.44835 7.65886 1
-10.2464 0.718233 1
6.4926 -3.19037 2
20.1893 -2.13096 2
4.76274 5.95941 1
-6.93572 3.36934 1
-1.39717 3.54135 2
10.5999 -4.71272 2
3.72527 12.3656 1
-1.32402 9.51354 1
-1.2303 -1.35151 2
21.1049 -0.678646 2
1.01038 8.35137 1
-6.39688 4.51778 1
2.29232 -3.08276 2
21.4521 -0.0875978 2
3.10206 12.052 1
-2.71378 11.2843 1
6.69999 -1.43905 2
20.6499 3.26268 2
1.7005 11.9739 1
-5.32546 9.35579 1
4.39055 -1.33584 2
14.7072 -7.00632 2
12.583 1.17364 1
-8.97992 7.29073 1
0.743603 2.32966 2
18.9341 -2.7085 2
6.76053 9.55826 1
-5.52175 9.4743 1
2.15741 -3.82176 2
20.5591 0.386147 2
4.46646 8.80995 1
-4.54465 9.79193 1
4.83426 -5.1541 2
13.1278 -4.8729 2
9.16042 0.981384 1
-5.12181 8.74347 1
6.9658 -6.41142 2
13.7721 -6.96834 2
8.08826 3.5263 1
-9.35475 2.93085 1
4.28291 -3.4266 2
17.7557 3.25888 2
0.790912 12.8775 1
-10.4846 2.94594 1
6.71866 -5.49169 2
12.9806 -4.72383 2
10.2732 6.86252 1
-9.61367 2.99028 1
9.12689 -2.86982 2
16.105 -3.62884 2
9.61094 6.89587 1
-8.50638 7.09553 1
8.76302 -2.10146 2
15.6764 0.48168 2
5.97718 6.7272 1
-0.589714 10.5259 1
6.17869 -2.11375 2
12.7426 -2.35958 2
3.82215 11.249 1
-7.73461 9.06944 1
9.51009 -2.76405 2
10.3752 -3.32036 2
7.56621 6.35237 1
-2.04756 8.47842 1
0.397263 2.36273 2
15.5161 -4.82562 2
9.95713 3.26475 1
-11.238 5.68329 1
1.85112 -5.10112 2
11.6549 -6.31978 2
6.08383 6.21441 1
-5.52261 6.45902 1
1.43275 -4.41413 2
12.7231 -1.86303 2
11.7043 0.961085 1
-11.0622 1.20119 1
6.65403 -6.25675 2
15.9173 -3.86859 2
4.71577 7.45208 1
-8.95741 4.52716 1
-1.03442 0.475341 2
19.4134 0.00978756 2
9.64243 5.32779 1
-12.1908 3.31927 1
9.6734 -6.73714 2
21.0917 1.71569 2
10.9851 3.73926 1
-10.2246 7.39853 1
1.27053 -1.86698 2
22.7263 4.65551 2
3.66376 6.5591 1
-10.6543 0.83616 1
5.0521 -5.59263 2
17.0486 4.97016 2
9.10139 5.50966 1
-8.14016 5.94639 1
7.99485 -2.77513 2
16.4939 -5.73086 2
9.11631 2.2234 1
-4.59784 8.84264 1
7.43211 -5.83034 2
17.7598 -1.23164 2
7.0678 9.33734 1
-3.00671 10.2493 1
-2.37693 1.11634 2
13.9135 -5.13422 2
6.82879 6.8133 1
-3.695 7.3351 1
2.50587 -3.24982 2
18.2209 1.32939 2
7.55427 0.56178 1
-1.02337 11.4678 1
-0.521425 4.22339 2
17.5899 0.406105 2
11.6853 3.12099 1
-7.76838 1.19515 1
9.58494 -3.25841 2
13.1754 -2.9092 2
3.50823 11.3872 1
-6.79277 4.17212 1
2.15726 4.80416 2
19.6115 2.603 2
0.757621 10.6349 1
-0.864771 11.4536 1
7.26359 -1.82015 2
19.9411 0.130955 2
6.0642 5.58805 1
-7.62679 7.29001 1
2.35172 -3.29369 2
19.3037 2.50899 2
8.48953 5.9152 1
-4.88802 9.24715 1
2.29923 3.85648 2
14.139 -1.93101 2
7.5911 0.470094 1
-9.89487 6.55538 1
4.15411 0.478335 2
12.9852 -3.30488 2
3.06428 7.8732 1
-4.55203 6.61436 1
9.37401 -7.2528 2
17.7579 0.235025 2
6.18381 7.39372 1
-10.1158 6.93748 1
2.59242 -2.02906 2
19.3988 2.74294 2
7.0211 2.24469 1
-6.77872 7.86649 1
7.26114 -1.59408 2
15.0156 -0.724043 2
1.89896 8.07985 1
-5.70379 9.45209 1
4.33153 -0.973634 2
14.4789 -6.03066 2
3.12235 7.06644 1
-8.32694 5.86121 1
-1.58525 2.44053 2
16.5687 -1.39393 2
0.601833 10.4145 1
-11.0225 6.42438 1
7.4378 -3.35305 2
12.0752 -4.00155 2
9.23071 2.3629 1
-9.42934 4.78894 1
4.78573 -5.08986 2
22.6493 4.44619 2
2.98201 8.65978 1
-10.6704 3.38774 1
-0.374024 0.760959 2
11.6535 -2.80418 2
4.39274 8.27443 1
-4.07409 6.95494 1
6.37252 -1.14928 2
12.0314 -4.33887 2
8.22502 1.6807 1
-10.3405 7.56306 1
8.40523 -2.71451 2
16.1806 -5.09061 2
0.485179 10.5734 1
-5.36504 4.55927 1
5.4717 -3.99251 2
18.8507 -1.22073 2
6.90328 8.06194 1
-12.4874 0.193633 1
2.55042 -2.71247 2
16.9293 -5.70743 2
9.64467 2.07536 1
-11.0679 0.916044 1
1.34225 -1.91857 2
17.1368 2.43897 2
5.49267 8.12131 1
-9.18041 7.367 1
-2.46357 2.90009 2
19.6142 4.48883 2
9.07632 2.50488 1
-0.130874 7.23936 1
8.42381 -4.84119 2
15.8876 -6.22086 2
10.0111 8.05158 1
-10.6126 5.88349 1
2.64856 3.0604 2
16.4057 1.46815 2
9.3066 5.86923 1
-7.55381 6.32701 1
0.463529 1.05831 2
19.2726 -1.54759 2
11.9933 0.17562 1
-6.05911 7.14242 1
2.10979 4.58945 2
19.082 3.70413 2
7.16509 9.57417 1
-11.7177 3.57093 1
0.102068 2.42122 2
15.3875 -6.13963 2
9.79693 4.38075 1
-1.63485 8.87683 1
5.21509 -5.71687 2
15.3015 -6.38254 2
10.0592 1.45867 1
-7.73014 4.59046 1
3.96374 1.28791 2
14.6924 -6.42374 2
8.98171 3.79111 1
-4.54132 10.6166 1
1.66658 -4.84064 2
15.0536 -6.43891 2
1.17844 10.355 1
-9.82144 3.91945 1
8.52335 -1.88063 2
15.3781 -4.16918 2
0.759644 7.99203 1
-7.73291 8.02413 1
-1.81524 -0.264112 2
11.3312 -6.48318 2
1.59035 9.66459 1
-8.32382 6.6439 1
1.89651 -4.50226 2
16.7425 -1.78172 2
10.1463 2.06634 1
-11.5686 4.42458 1
5.20987 -6.54498 2
10.9328 -5.69822 2
5.15758 10.1497 1
-1.29646 8.01381 1
-1.65768 4.55303 2
10.9287 -5.01567 2
3.32469 10.6506 1
-9.47966 1.43105 1
-1.28974 0.71316 2
20.1474 -2.59501 2
2.60882 8.20379 1
-2.89764 9.68362 1
-0.894398 3.02035 2
17.74 3.78092 2
1.71848 9.27118 1
-6.40386 6.90032 1
5.28398 -6.26573 2
20.0242 3.73787 2
9.46592 8.60042 1
-5.51495 8.51877 1
1.58011 -3.41259 2
15.2024 -1.31429 2
7.53337 10.0225 1
-6.29369 6.76558 1
2.55001 1.00409 2
10.8274 -2.69774 2
9.96089 1.94574 1
-10.1269 1.6769 1
9.78853 -2.15104 2
12.939 -4.92106 2
7.92373 0.941366 1
-7.71155 0.12612 1
2.74434 -0.103796 2
12.1263 -5.23195 2
8.55143 0.243306 1
-2.18904 10.116 1
2.81078 2.59949 2
14.2671 -5.12825 2
9.53321 4.84304 1
-10.3501 4.45694 1
4.21559 -0.0616031 2
20.1654 0.348411 2
1.82909 12.2917 1
-7.71169 5.88106 1
4.63916 -2.12759 2
21.1725 4.08772 2
6.4246 9.55994 1
-8.27765 0.61382 1
-0.595814 -2.27528 2
13.1251 -2.94586 2
10.6486 4.17625 1
-11.3038 0.903925 1
7.76532 -2.34319 2
20.9601 3.80487 2
6.88791 8.7022 1
-12.4296 1.7097 1
4.97502 -2.46119 2
15.2398 -1.07449 2
9.84225 2.8884 1
-5.89783 8.55459 1
9.52237 -4.81954 2
11.2293 -7.54317 2
7.16585 3.46401 1
-6.88636 5.12598 1
3.26152 0.312417 2
15.5154 -0.250138 2
4.12464 10.5404 1
-12.7113 0.734562 1
-0.532198 0.0488663 2
16.8091 -2.37445 2
7.83953 4.05979 1
-10.5569 0.84371 1
3.03104 0.27724 2
11.6296 -5.67692 2
1.48258 6.84161 1
-12.0917 2.69981 1
5.4617 -6.80307 2
13.7542 -5.24342 2
12.3311 0.917592 1
-5.64316 11.4595 1
7.96413 -2.27275 2
19.1364 2.861 2
1.16033 10.619 1
-4.61697 8.07235 1
7.5647 -4.15527 2
16.8754 -0.869671 2
3.11309 7.67072 1
-9.22337 4.4163 1
4.66611 -3.88271 2
15.4425 -2.09519 2
0.670553 7.05326 1
-12.2682 0.319695 1
1.60795 1.0824 2
15.9369 -4.12047 2
4.67494 9.65055 1
-6.86773 9.68345 1
3.88996 -2.4542 2
21.2885 -0.729637 2
6.91146 4.0356 1
-7.0924 0.0214987 1
-1.4898 -0.425043 2
20.4706 -2.69081 2
3.0259 8.23945 1
-5.37411 4.51193 1
8.59968 -1.97501 2
16.0384 -4.82867 2
5.36319 5.83111 1
-6.25693 8.29114 1
4.27911 -0.512681 2
14.905 -6.95916 2
8.51418 2.07287 1
-9.36812 2.42564 1
3.89153 1.53948 2
18.1572 0.336811 2
3.42339 9.55754 1
-6.38621 4.00139 1
7.70708 -6.54033 2
17.6531 4.14633 2
8.14036 0.910041 1
-9.14481 0.861247 1
-2.82041 3.0631 2
13.1227 -4.18853 2
4.36254 9.23116 1
-0.829434 8.53461 1
2.55393 3.11535 2
14.7817 -5.86946 2
11.4422 3.4199 1
-7.33127 4.8284 1
2.57871 -4.62419 2
12.9844 -1.62266 2
8.37927 2.70661 1
-7.02631 8.02832 1
0.483722 -2.85574 2
18.8785 1.42945 2
10.2768 2.65601 1
-3.93444 9.64709 1
0.597933 0.782899 2
21.2841 2.19165 2
6.01435 9.69582 1
-8.57276 9.19022 1
7.26063 -1.45896 2
20.0513 4.98387 2
9.11497 0.985689 1
-9.66321 8.17815 1
4.4146 -3.99467 2
19.7181 -0.699261 2
2.3294 10.7072 1
-11.7719 2.20325 1
2.79455 -4.97991 2
19.2851 2.22179 2
6.17013 9.19066 1
-6.41648 5.98139 1
0.494585 2.46855 2
16.9671 -1.16863 2
10.7096 6.55968 1
-11.6697 3.29501 1
7.44565 -3.38781 2
18.9943 3.02261 2
4.35138 11.3237 1
-2.71257 7.73236 1
9.36997 -6.99767 2
20.5106 -1.80016 2
8.18833 4.26049 1
-6.75768 4.11847 1
-0.626613 2.90651 2
21.0282 3.15708 2
4.95597 11.5551 1
-5.49304 7.66854 1
3.71258 -1.12307 2
16.6662 1.202 2
8.05849 6.68092 1
-5.973 8.80826 1
3.14492 1.92714 2
16.0635 -4.56069 2
7.13979 9.48727 1
-9.9759 4.7664 1
-1.58076 4.31388 2
14.9474 -4.06207 2
0.39061 7.10572 1
-8.94864 2.85071 1
0.0261784 3.55832 2
20.5193 1.73876 2
7.56475 4.18546 1
-7.05924 7.48798 1
8.83111 -7.013 2
14.5847 -4.22565 2
0.992051 12.0575 1
-8.11954 2.6373 1
8.94394 -3.99377 2
20.4354 -1.38425 2
12.4882 3.60971 1
-10.4681 0.657067 1
7.3773 -3.39409 2
18.681 0.291441 2
12.3835 0.265699 1
-0.934206 12.8602 1
-1.91773 0.927047 2
17.8657 -2.03727 2
6.71025 7.91081 1
-0.0515561 7.76631 1
6.09542 -3.91655 2
12.3008 -2.08732 2
6.48547 6.10293 1
-8.29987 2.16651 1
7.56779 -6.74569 2
17.5436 0.741529 2
8.33142 8.53762 1
-9.80799 7.35301 1
0.533248 2.39582 2
19.6915 2.96674 2
